0 -759.2227204151243 449.5847217116282 1214.9156708394976
1 -680.0820996185785 -427.3599332374343 1204.964383335335
2 0.4297824537076731 0.5756335535976878 1196.5494223118758
3 -261.8661047356982 428.3300397216236 1205.6908609024408
4 -1034.9932014275307 -830.9534423728547 1220.5391780724574
5 -276.3234953039814 -451.2497230255088 1204.3743378043127
6 -1018.7972272583332 -9.386374054663484 1203.7007223788717
7 -261.8661047356982 428.3300397216236 1205.6908609024408
8 -276.3234953039814 -451.2497230255088 1204.3743378043127
9 -1018.7972272583332 -9.386374054663484 1203.7007223788717
10 -680.0820996185785 -427.3599332374343 1204.964383335335
11 0.4297824537076731 0.5756335535976878 1196.5494223118758
12 -1034.9932014275307 -830.9534423728547 1220.5391780724574
13 -759.2227204151243 449.5847217116282 1214.9156708394976
14 -1018.7972272583332 -9.386374054663484 1203.7007223788717
15 -261.8661047356982 428.3300397216236 1205.6908609024408
16 -680.0820996185785 -427.3599332374343 1204.964383335335
17 -276.3234953039814 -451.2497230255088 1204.3743378043127
18 0.4297824537076731 0.5756335535976878 1196.5494223118758
19 -759.2227204151243 449.5847217116282 1214.9156708394976
20 -1034.9932014275307 -830.9534423728547 1220.5391780724574
21 0.4297824537076731 0.5756335535976878 1196.5494223118758
22 -1018.7972272583332 -9.386374054663484 1203.7007223788717
23 -680.0820996185785 -427.3599332374343 1204.964383335335
24 -261.8661047356982 428.3300397216236 1205.6908609024408
25 -276.3234953039814 -451.2497230255088 1204.3743378043127
26 -759.2227204151243 449.5847217116282 1214.9156708394976
27 0.4297824537076731 0.5756335535976878 1196.5494223118758
28 -1034.9932014275307 -830.9534423728547 1220.5391780724574
29 -680.0820996185785 -427.3599332374343 1204.964383335335
30 -276.3234953039814 -451.2497230255088 1204.3743378043127
31 -261.8661047356982 428.3300397216236 1205.6908609024408
32 -1018.7972272583332 -9.386374054663484 1203.7007223788717
33 -759.2227204151243 449.5847217116282 1214.9156708394976
34 0.4297824537076731 0.5756335535976878 1196.5494223118758
35 -759.2227204151243 449.5847217116282 1214.9156708394976
36 -1034.9932014275307 -830.9534423728547 1220.5391780724574
37 -680.0820996185785 -427.3599332374343 1204.964383335335
38 -261.8661047356982 428.3300397216236 1205.6908609024408
39 -276.3234953039814 -451.2497230255088 1204.3743378043127
40 -1018.7972272583332 -9.386374054663484 1203.7007223788717
41 0.4297824537076731 0.5756335535976878 1196.5494223118758
42 -759.2227204151243 449.5847217116282 1214.9156708394976
43 -1034.9932014275307 -830.9534423728547 1220.5391780724574
44 -1018.7972272583332 -9.386374054663484 1203.7007223788717
45 -680.0820996185785 -427.3599332374343 1204.964383335335
46 -276.3234953039814 -451.2497230255088 1204.3743378043127
47 -261.8661047356982 428.3300397216236 1205.6908609024408
48 -1018.7972272583332 -9.386374054663484 1203.7007223788717
49 -261.8661047356982 428.3300397216236 1205.6908609024408
50 -276.3234953039814 -451.2497230255088 1204.3743378043127
51 -680.0820996185785 -427.3599332374343 1204.964383335335
52 0.4297824537076731 0.5756335535976878 1196.5494223118758
53 -1034.9932014275307 -830.9534423728547 1220.5391780724574
54 -759.2227204151243 449.5847217116282 1214.9156708394976
55 -261.8661047356982 428.3300397216236 1205.6908609024408
56 -276.3234953039814 -451.2497230255088 1204.3743378043127
57 0.4297824537076731 0.5756335535976878 1196.5494223118758
58 -1018.7972272583332 -9.386374054663484 1203.7007223788717
59 -680.0820996185785 -427.3599332374343 1204.964383335335
60 -759.2227204151243 449.5847217116282 1214.9156708394976
61 -261.8661047356982 428.3300397216236 1205.6908609024408
62 -276.3234953039814 -451.2497230255088 1204.3743378043127
63 -1018.7972272583332 -9.386374054663484 1203.7007223788717
64 -680.0820996185785 -427.3599332374343 1204.964383335335
65 0.4297824537076731 0.5756335535976878 1196.5494223118758
66 -1034.9932014275307 -830.9534423728547 1220.5391780724574
67 -759.2227204151243 449.5847217116282 1214.9156708394976
68 -1034.9932014275307 -830.9534423728547 1220.5391780724574
69 -276.3234953039814 -451.2497230255088 1204.3743378043127
70 -1018.7972272583332 -9.386374054663484 1203.7007223788717
71 -261.8661047356982 428.3300397216236 1205.6908609024408
72 -680.0820996185785 -427.3599332374343 1204.964383335335
73 0.4297824537076731 0.5756335535976878 1196.5494223118758
74 -759.2227204151243 449.5847217116282 1214.9156708394976
75 0.4297824537076731 0.5756335535976878 1196.5494223118758
76 -759.2227204151243 449.5847217116282 1214.9156708394976
77 -1034.9932014275307 -830.9534423728547 1220.5391780724574
78 -261.8661047356982 428.3300397216236 1205.6908609024408
79 -680.0820996185785 -427.3599332374343 1204.964383335335
80 -276.3234953039814 -451.2497230255088 1204.3743378043127
81 -1018.7972272583332 -9.386374054663484 1203.7007223788717
82 -680.0820996185785 -427.3599332374343 1204.964383335335
83 0.4297824537076731 0.5756335535976878 1196.5494223118758
84 -1018.7972272583332 -9.386374054663484 1203.7007223788717
85 -276.3234953039814 -451.2497230255088 1204.3743378043127
86 -759.2227204151243 449.5847217116282 1214.9156708394976
87 -261.8661047356982 428.3300397216236 1205.6908609024408
88 -680.0820996185785 -427.3599332374343 1204.964383335335
89 -276.3234953039814 -451.2497230255088 1204.3743378043127
90 0.4297824537076731 0.5756335535976878 1196.5494223118758
91 -1034.9932014275307 -830.9534423728547 1220.5391780724574
92 -261.8661047356982 428.3300397216236 1205.6908609024408
93 -1018.7972272583332 -9.386374054663484 1203.7007223788717
94 -759.2227204151243 449.5847217116282 1214.9156708394976
95 -261.8661047356982 428.3300397216236 1205.6908609024408
96 -680.0820996185785 -427.3599332374343 1204.964383335335
97 0.4297824537076731 0.5756335535976878 1196.5494223118758
98 -1034.9932014275307 -830.9534423728547 1220.5391780724574
99 -276.3234953039814 -451.2497230255088 1204.3743378043127
100 -1018.7972272583332 -9.386374054663484 1203.7007223788717
101 -759.2227204151243 449.5847217116282 1214.9156708394976
102 -261.8661047356982 428.3300397216236 1205.6908609024408
103 -1018.7972272583332 -9.386374054663484 1203.7007223788717
104 0.4297824537076731 0.5756335535976878 1196.5494223118758
105 -680.0820996185785 -427.3599332374343 1204.964383335335
106 -276.3234953039814 -451.2497230255088 1204.3743378043127
107 -759.2227204151243 449.5847217116282 1214.9156708394976
108 -1018.7972272583332 -9.386374054663484 1203.7007223788717
109 -759.2227204151243 449.5847217116282 1214.9156708394976
110 -261.8661047356982 428.3300397216236 1205.6908609024408
111 -1034.9932014275307 -830.9534423728547 1220.5391780724574
112 0.4297824537076731 0.5756335535976878 1196.5494223118758
113 -680.0820996185785 -427.3599332374343 1204.964383335335
114 -276.3234953039814 -451.2497230255088 1204.3743378043127
115 -759.2227204151243 449.5847217116282 1214.9156708394976
116 -276.3234953039814 -451.2497230255088 1204.3743378043127
117 0.4297824537076731 0.5756335535976878 1196.5494223118758
118 -1018.7972272583332 -9.386374054663484 1203.7007223788717
119 -261.8661047356982 428.3300397216236 1205.6908609024408
120 -1034.9932014275307 -830.9534423728547 1220.5391780724574
121 -680.0820996185785 -427.3599332374343 1204.964383335335
122 -759.2227204151243 449.5847217116282 1214.9156708394976
123 -1034.9932014275307 -830.9534423728547 1220.5391780724574
124 -680.0820996185785 -427.3599332374343 1204.964383335335
125 -276.3234953039814 -451.2497230255088 1204.3743378043127
126 -1018.7972272583332 -9.386374054663484 1203.7007223788717
127 0.4297824537076731 0.5756335535976878 1196.5494223118758
128 -261.8661047356982 428.3300397216236 1205.6908609024408
129 -680.0820996185785 -427.3599332374343 1204.964383335335
130 -276.3234953039814 -451.2497230255088 1204.3743378043127
131 -759.2227204151243 449.5847217116282 1214.9156708394976
132 0.4297824537076731 0.5756335535976878 1196.5494223118758
133 -1034.9932014275307 -830.9534423728547 1220.5391780724574
134 -1018.7972272583332 -9.386374054663484 1203.7007223788717
135 -261.8661047356982 428.3300397216236 1205.6908609024408
136 -1018.7972272583332 -9.386374054663484 1203.7007223788717
137 -680.0820996185785 -427.3599332374343 1204.964383335335
138 -261.8661047356982 428.3300397216236 1205.6908609024408
139 -276.3234953039814 -451.2497230255088 1204.3743378043127
140 0.4297824537076731 0.5756335535976878 1196.5494223118758
141 -759.2227204151243 449.5847217116282 1214.9156708394976
142 -261.8661047356982 428.3300397216236 1205.6908609024408
143 -1018.7972272583332 -9.386374054663484 1203.7007223788717
144 -1034.9932014275307 -830.9534423728547 1220.5391780724574
145 -680.0820996185785 -427.3599332374343 1204.964383335335
146 0.4297824537076731 0.5756335535976878 1196.5494223118758
147 -276.3234953039814 -451.2497230255088 1204.3743378043127
148 -759.2227204151243 449.5847217116282 1214.9156708394976
149 -276.3234953039814 -451.2497230255088 1204.3743378043127
150 0.4297824537076731 0.5756335535976878 1196.5494223118758
151 -759.2227204151243 449.5847217116282 1214.9156708394976
152 -1034.9932014275307 -830.9534423728547 1220.5391780724574
153 -1018.7972272583332 -9.386374054663484 1203.7007223788717
154 -680.0820996185785 -427.3599332374343 1204.964383335335
155 -261.8661047356982 428.3300397216236 1205.6908609024408
156 -759.2227204151243 449.5847217116282 1214.9156708394976
157 -276.3234953039814 -451.2497230255088 1204.3743378043127
158 0.4297824537076731 0.5756335535976878 1196.5494223118758
159 -680.0820996185785 -427.3599332374343 1204.964383335335
160 -1034.9932014275307 -830.9534423728547 1220.5391780724574
161 -1018.7972272583332 -9.386374054663484 1203.7007223788717
162 -261.8661047356982 428.3300397216236 1205.6908609024408
163 -759.2227204151243 449.5847217116282 1214.9156708394976
164 -276.3234953039814 -451.2497230255088 1204.3743378043127
165 0.4297824537076731 0.5756335535976878 1196.5494223118758
166 -1018.7972272583332 -9.386374054663484 1203.7007223788717
167 -680.0820996185785 -427.3599332374343 1204.964383335335
168 -261.8661047356982 428.3300397216236 1205.6908609024408
169 -1034.9932014275307 -830.9534423728547 1220.5391780724574
170 -680.0820996185785 -427.3599332374343 1204.964383335335
171 -1018.7972272583332 -9.386374054663484 1203.7007223788717
172 -261.8661047356982 428.3300397216236 1205.6908609024408
173 -276.3234953039814 -451.2497230255088 1204.3743378043127
174 -1034.9932014275307 -830.9534423728547 1220.5391780724574
175 0.4297824537076731 0.5756335535976878 1196.5494223118758
176 -759.2227204151243 449.5847217116282 1214.9156708394976
177 -1018.7972272583332 -9.386374054663484 1203.7007223788717
178 -1034.9932014275307 -830.9534423728547 1220.5391780724574
179 -276.3234953039814 -451.2497230255088 1204.3743378043127
180 0.4297824537076731 0.5756335535976878 1196.5494223118758
181 -680.0820996185785 -427.3599332374343 1204.964383335335
182 -261.8661047356982 428.3300397216236 1205.6908609024408
183 -759.2227204151243 449.5847217116282 1214.9156708394976
184 -261.8661047356982 428.3300397216236 1205.6908609024408
185 -1034.9932014275307 -830.9534423728547 1220.5391780724574
186 -1018.7972272583332 -9.386374054663484 1203.7007223788717
187 -680.0820996185785 -427.3599332374343 1204.964383335335
188 -759.2227204151243 449.5847217116282 1214.9156708394976
189 -276.3234953039814 -451.2497230255088 1204.3743378043127
190 0.4297824537076731 0.5756335535976878 1196.5494223118758
191 0.4297824537076731 0.5756335535976878 1196.5494223118758
192 -261.8661047356982 428.3300397216236 1205.6908609024408
193 -276.3234953039814 -451.2497230255088 1204.3743378043127
194 -680.0820996185785 -427.3599332374343 1204.964383335335
195 -1034.9932014275307 -830.9534423728547 1220.5391780724574
196 -1018.7972272583332 -9.386374054663484 1203.7007223788717
197 -759.2227204151243 449.5847217116282 1214.9156708394976
198 -261.8661047356982 428.3300397216236 1205.6908609024408
199 0.4297824537076731 0.5756335535976878 1196.5494223118758
200 -759.2227204151243 449.5847217116282 1214.9156708394976
201 -680.0820996185785 -427.3599332374343 1204.964383335335
202 -1018.7972272583332 -9.386374054663484 1203.7007223788717
203 -276.3234953039814 -451.2497230255088 1204.3743378043127
204 -680.0820996185785 -427.3599332374343 1204.964383335335
205 -261.8661047356982 428.3300397216236 1205.6908609024408
206 -276.3234953039814 -451.2497230255088 1204.3743378043127
207 0.4297824537076731 0.5756335535976878 1196.5494223118758
208 -1018.7972272583332 -9.386374054663484 1203.7007223788717
209 -759.2227204151243 449.5847217116282 1214.9156708394976
210 -1018.7972272583332 -9.386374054663484 1203.7007223788717
211 -680.0820996185785 -427.3599332374343 1204.964383335335
212 -261.8661047356982 428.3300397216236 1205.6908609024408
213 -276.3234953039814 -451.2497230255088 1204.3743378043127
214 0.4297824537076731 0.5756335535976878 1196.5494223118758
215 -759.2227204151243 449.5847217116282 1214.9156708394976
216 -1034.9932014275307 -830.9534423728547 1220.5391780724574
217 -1018.7972272583332 -9.386374054663484 1203.7007223788717
218 -680.0820996185785 -427.3599332374343 1204.964383335335
219 -261.8661047356982 428.3300397216236 1205.6908609024408
220 -276.3234953039814 -451.2497230255088 1204.3743378043127
221 0.4297824537076731 0.5756335535976878 1196.5494223118758
222 -759.2227204151243 449.5847217116282 1214.9156708394976
223 -276.3234953039814 -451.2497230255088 1204.3743378043127
224 -1018.7972272583332 -9.386374054663484 1203.7007223788717
225 -680.0820996185785 -427.3599332374343 1204.964383335335
226 -261.8661047356982 428.3300397216236 1205.6908609024408
227 -1034.9932014275307 -830.9534423728547 1220.5391780724574
228 0.4297824537076731 0.5756335535976878 1196.5494223118758
229 -759.2227204151243 449.5847217116282 1214.9156708394976
230 -680.0820996185785 -427.3599332374343 1204.964383335335
231 0.4297824537076731 0.5756335535976878 1196.5494223118758
232 -261.8661047356982 428.3300397216236 1205.6908609024408
233 -759.2227204151243 449.5847217116282 1214.9156708394976
234 -1034.9932014275307 -830.9534423728547 1220.5391780724574
235 -276.3234953039814 -451.2497230255088 1204.3743378043127
236 -1018.7972272583332 -9.386374054663484 1203.7007223788717
237 -680.0820996185785 -427.3599332374343 1204.964383335335
238 -261.8661047356982 428.3300397216236 1205.6908609024408
239 -759.2227204151243 449.5847217116282 1214.9156708394976
240 0.4297824537076731 0.5756335535976878 1196.5494223118758
241 -276.3234953039814 -451.2497230255088 1204.3743378043127
242 -1018.7972272583332 -9.386374054663484 1203.7007223788717
243 -1034.9932014275307 -830.9534423728547 1220.5391780724574
244 -680.0820996185785 -427.3599332374343 1204.964383335335
245 -759.2227204151243 449.5847217116282 1214.9156708394976
246 -261.8661047356982 428.3300397216236 1205.6908609024408
247 -276.3234953039814 -451.2497230255088 1204.3743378043127
248 -1018.7972272583332 -9.386374054663484 1203.7007223788717
249 0.4297824537076731 0.5756335535976878 1196.5494223118758
250 -1034.9932014275307 -830.9534423728547 1220.5391780724574
251 -680.0820996185785 -427.3599332374343 1204.964383335335
252 -261.8661047356982 428.3300397216236 1205.6908609024408
253 -759.2227204151243 449.5847217116282 1214.9156708394976
254 -1034.9932014275307 -830.9534423728547 1220.5391780724574
255 -1018.7972272583332 -9.386374054663484 1203.7007223788717
256 0.4297824537076731 0.5756335535976878 1196.5494223118758
257 -276.3234953039814 -451.2497230255088 1204.3743378043127
258 -680.0820996185785 -427.3599332374343 1204.964383335335
259 -276.3234953039814 -451.2497230255088 1204.3743378043127
260 -261.8661047356982 428.3300397216236 1205.6908609024408
261 -759.2227204151243 449.5847217116282 1214.9156708394976
262 -1034.9932014275307 -830.9534423728547 1220.5391780724574
263 0.4297824537076731 0.5756335535976878 1196.5494223118758
264 -1018.7972272583332 -9.386374054663484 1203.7007223788717
265 -680.0820996185785 -427.3599332374343 1204.964383335335
266 -261.8661047356982 428.3300397216236 1205.6908609024408
267 0.4297824537076731 0.5756335535976878 1196.5494223118758
268 -759.2227204151243 449.5847217116282 1214.9156708394976
269 -1018.7972272583332 -9.386374054663484 1203.7007223788717
270 -276.3234953039814 -451.2497230255088 1204.3743378043127
271 -1034.9932014275307 -830.9534423728547 1220.5391780724574
272 0.4297824537076731 0.5756335535976878 1196.5494223118758
273 -261.8661047356982 428.3300397216236 1205.6908609024408
274 -680.0820996185785 -427.3599332374343 1204.964383335335
275 -759.2227204151243 449.5847217116282 1214.9156708394976
276 -276.3234953039814 -451.2497230255088 1204.3743378043127
277 -1018.7972272583332 -9.386374054663484 1203.7007223788717
278 -1034.9932014275307 -830.9534423728547 1220.5391780724574
279 0.4297824537076731 0.5756335535976878 1196.5494223118758
280 -759.2227204151243 449.5847217116282 1214.9156708394976
281 -261.8661047356982 428.3300397216236 1205.6908609024408
282 -680.0820996185785 -427.3599332374343 1204.964383335335
283 -276.3234953039814 -451.2497230255088 1204.3743378043127
284 -1034.9932014275307 -830.9534423728547 1220.5391780724574
285 -1018.7972272583332 -9.386374054663484 1203.7007223788717
286 0.4297824537076731 0.5756335535976878 1196.5494223118758
287 -1034.9932014275307 -830.9534423728547 1220.5391780724574
288 -680.0820996185785 -427.3599332374343 1204.964383335335
289 -759.2227204151243 449.5847217116282 1214.9156708394976
290 -261.8661047356982 428.3300397216236 1205.6908609024408
291 -276.3234953039814 -451.2497230255088 1204.3743378043127
292 -1018.7972272583332 -9.386374054663484 1203.7007223788717
293 0.4297824537076731 0.5756335535976878 1196.5494223118758
294 -261.8661047356982 428.3300397216236 1205.6908609024408
295 -680.0820996185785 -427.3599332374343 1204.964383335335
296 -1034.9932014275307 -830.9534423728547 1220.5391780724574
297 -759.2227204151243 449.5847217116282 1214.9156708394976
298 -276.3234953039814 -451.2497230255088 1204.3743378043127
299 -1018.7972272583332 -9.386374054663484 1203.7007223788717
300 -261.8661047356982 428.3300397216236 1205.6908609024408
301 -680.0820996185785 -427.3599332374343 1204.964383335335
302 -759.2227204151243 449.5847217116282 1214.9156708394976
303 0.4297824537076731 0.5756335535976878 1196.5494223118758
304 -1034.9932014275307 -830.9534423728547 1220.5391780724574
305 -276.3234953039814 -451.2497230255088 1204.3743378043127
306 -1018.7972272583332 -9.386374054663484 1203.7007223788717
307 -759.2227204151243 449.5847217116282 1214.9156708394976
308 -261.8661047356982 428.3300397216236 1205.6908609024408
309 -1018.7972272583332 -9.386374054663484 1203.7007223788717
310 -680.0820996185785 -427.3599332374343 1204.964383335335
311 -1034.9932014275307 -830.9534423728547 1220.5391780724574
312 0.4297824537076731 0.5756335535976878 1196.5494223118758
313 -276.3234953039814 -451.2497230255088 1204.3743378043127
314 -759.2227204151243 449.5847217116282 1214.9156708394976
315 -680.0820996185785 -427.3599332374343 1204.964383335335
316 -261.8661047356982 428.3300397216236 1205.6908609024408
317 -276.3234953039814 -451.2497230255088 1204.3743378043127
318 -1018.7972272583332 -9.386374054663484 1203.7007223788717
319 -1034.9932014275307 -830.9534423728547 1220.5391780724574
320 0.4297824537076731 0.5756335535976878 1196.5494223118758
321 -261.8661047356982 428.3300397216236 1205.6908609024408
322 -759.2227204151243 449.5847217116282 1214.9156708394976
323 -680.0820996185785 -427.3599332374343 1204.964383335335
324 0.4297824537076731 0.5756335535976878 1196.5494223118758
325 -276.3234953039814 -451.2497230255088 1204.3743378043127
326 -1018.7972272583332 -9.386374054663484 1203.7007223788717
327 -1034.9932014275307 -830.9534423728547 1220.5391780724574
328 -680.0820996185785 -427.3599332374343 1204.964383335335
329 -261.8661047356982 428.3300397216236 1205.6908609024408
330 -759.2227204151243 449.5847217116282 1214.9156708394976
331 -1018.7972272583332 -9.386374054663484 1203.7007223788717
332 0.4297824537076731 0.5756335535976878 1196.5494223118758
333 -276.3234953039814 -451.2497230255088 1204.3743378043127
334 -261.8661047356982 428.3300397216236 1205.6908609024408
335 0.4297824537076731 0.5756335535976878 1196.5494223118758
336 -759.2227204151243 449.5847217116282 1214.9156708394976
337 -680.0820996185785 -427.3599332374343 1204.964383335335
338 -1034.9932014275307 -830.9534423728547 1220.5391780724574
339 -276.3234953039814 -451.2497230255088 1204.3743378043127
340 -1018.7972272583332 -9.386374054663484 1203.7007223788717
341 0.4297824537076731 0.5756335535976878 1196.5494223118758
342 -1018.7972272583332 -9.386374054663484 1203.7007223788717
343 -680.0820996185785 -427.3599332374343 1204.964383335335
344 -759.2227204151243 449.5847217116282 1214.9156708394976
345 -261.8661047356982 428.3300397216236 1205.6908609024408
346 -276.3234953039814 -451.2497230255088 1204.3743378043127
347 -1018.7972272583332 -9.386374054663484 1203.7007223788717
348 -261.8661047356982 428.3300397216236 1205.6908609024408
349 -680.0820996185785 -427.3599332374343 1204.964383335335
350 -759.2227204151243 449.5847217116282 1214.9156708394976
351 0.4297824537076731 0.5756335535976878 1196.5494223118758
352 -1034.9932014275307 -830.9534423728547 1220.5391780724574
353 -276.3234953039814 -451.2497230255088 1204.3743378043127
354 -680.0820996185785 -427.3599332374343 1204.964383335335
355 -1018.7972272583332 -9.386374054663484 1203.7007223788717
356 -261.8661047356982 428.3300397216236 1205.6908609024408
357 -759.2227204151243 449.5847217116282 1214.9156708394976
358 0.4297824537076731 0.5756335535976878 1196.5494223118758
359 -276.3234953039814 -451.2497230255088 1204.3743378043127
360 -1034.9932014275307 -830.9534423728547 1220.5391780724574
361 -759.2227204151243 449.5847217116282 1214.9156708394976
362 -680.0820996185785 -427.3599332374343 1204.964383335335
363 -261.8661047356982 428.3300397216236 1205.6908609024408
364 -1034.9932014275307 -830.9534423728547 1220.5391780724574
365 -1018.7972272583332 -9.386374054663484 1203.7007223788717
366 0.4297824537076731 0.5756335535976878 1196.5494223118758
367 -276.3234953039814 -451.2497230255088 1204.3743378043127
368 -759.2227204151243 449.5847217116282 1214.9156708394976
369 -680.0820996185785 -427.3599332374343 1204.964383335335
370 -261.8661047356982 428.3300397216236 1205.6908609024408
371 -1034.9932014275307 -830.9534423728547 1220.5391780724574
372 -276.3234953039814 -451.2497230255088 1204.3743378043127
373 0.4297824537076731 0.5756335535976878 1196.5494223118758
374 -1018.7972272583332 -9.386374054663484 1203.7007223788717
375 -759.2227204151243 449.5847217116282 1214.9156708394976
376 0.4297824537076731 0.5756335535976878 1196.5494223118758
377 -680.0820996185785 -427.3599332374343 1204.964383335335
378 -261.8661047356982 428.3300397216236 1205.6908609024408
379 -1018.7972272583332 -9.386374054663484 1203.7007223788717
380 -1034.9932014275307 -830.9534423728547 1220.5391780724574
381 -276.3234953039814 -451.2497230255088 1204.3743378043127
382 -759.2227204151243 449.5847217116282 1214.9156708394976
383 -680.0820996185785 -427.3599332374343 1204.964383335335
384 -261.8661047356982 428.3300397216236 1205.6908609024408
385 0.4297824537076731 0.5756335535976878 1196.5494223118758
386 -1034.9932014275307 -830.9534423728547 1220.5391780724574
387 -276.3234953039814 -451.2497230255088 1204.3743378043127
388 -1018.7972272583332 -9.386374054663484 1203.7007223788717
389 -1018.7972272583332 -9.386374054663484 1203.7007223788717
390 -261.8661047356982 428.3300397216236 1205.6908609024408
391 -680.0820996185785 -427.3599332374343 1204.964383335335
392 -759.2227204151243 449.5847217116282 1214.9156708394976
393 -1034.9932014275307 -830.9534423728547 1220.5391780724574
394 -276.3234953039814 -451.2497230255088 1204.3743378043127
395 0.4297824537076731 0.5756335535976878 1196.5494223118758
396 -1018.7972272583332 -9.386374054663484 1203.7007223788717
397 -680.0820996185785 -427.3599332374343 1204.964383335335
398 -759.2227204151243 449.5847217116282 1214.9156708394976
399 -261.8661047356982 428.3300397216236 1205.6908609024408
400 0.4297824537076731 0.5756335535976878 1196.5494223118758
401 -1034.9932014275307 -830.9534423728547 1220.5391780724574
402 -276.3234953039814 -451.2497230255088 1204.3743378043127
403 -680.0820996185785 -427.3599332374343 1204.964383335335
404 -1034.9932014275307 -830.9534423728547 1220.5391780724574
405 -261.8661047356982 428.3300397216236 1205.6908609024408
406 -276.3234953039814 -451.2497230255088 1204.3743378043127
407 -759.2227204151243 449.5847217116282 1214.9156708394976
408 -1018.7972272583332 -9.386374054663484 1203.7007223788717
409 0.4297824537076731 0.5756335535976878 1196.5494223118758
410 -759.2227204151243 449.5847217116282 1214.9156708394976
411 -680.0820996185785 -427.3599332374343 1204.964383335335
412 -261.8661047356982 428.3300397216236 1205.6908609024408
413 -276.3234953039814 -451.2497230255088 1204.3743378043127
414 -1018.7972272583332 -9.386374054663484 1203.7007223788717
415 0.4297824537076731 0.5756335535976878 1196.5494223118758
416 -1034.9932014275307 -830.9534423728547 1220.5391780724574
417 -261.8661047356982 428.3300397216236 1205.6908609024408
418 -680.0820996185785 -427.3599332374343 1204.964383335335
419 -759.2227204151243 449.5847217116282 1214.9156708394976
420 0.4297824537076731 0.5756335535976878 1196.5494223118758
421 -1018.7972272583332 -9.386374054663484 1203.7007223788717
422 -1034.9932014275307 -830.9534423728547 1220.5391780724574
423 -276.3234953039814 -451.2497230255088 1204.3743378043127
424 -261.8661047356982 428.3300397216236 1205.6908609024408
425 -680.0820996185785 -427.3599332374343 1204.964383335335
426 -1034.9932014275307 -830.9534423728547 1220.5391780724574
427 -276.3234953039814 -451.2497230255088 1204.3743378043127
428 -759.2227204151243 449.5847217116282 1214.9156708394976
429 0.4297824537076731 0.5756335535976878 1196.5494223118758
430 -1018.7972272583332 -9.386374054663484 1203.7007223788717
431 -261.8661047356982 428.3300397216236 1205.6908609024408
432 -680.0820996185785 -427.3599332374343 1204.964383335335
433 -759.2227204151243 449.5847217116282 1214.9156708394976
434 -1034.9932014275307 -830.9534423728547 1220.5391780724574
435 -276.3234953039814 -451.2497230255088 1204.3743378043127
436 -1018.7972272583332 -9.386374054663484 1203.7007223788717
437 0.4297824537076731 0.5756335535976878 1196.5494223118758
438 -680.0820996185785 -427.3599332374343 1204.964383335335
439 -759.2227204151243 449.5847217116282 1214.9156708394976
440 -261.8661047356982 428.3300397216236 1205.6908609024408
441 -276.3234953039814 -451.2497230255088 1204.3743378043127
442 -1018.7972272583332 -9.386374054663484 1203.7007223788717
443 0.4297824537076731 0.5756335535976878 1196.5494223118758
444 0.4297824537076731 0.5756335535976878 1196.5494223118758
445 -759.2227204151243 449.5847217116282 1214.9156708394976
446 -680.0820996185785 -427.3599332374343 1204.964383335335
447 -261.8661047356982 428.3300397216236 1205.6908609024408
448 -1018.7972272583332 -9.386374054663484 1203.7007223788717
449 -1034.9932014275307 -830.9534423728547 1220.5391780724574
450 -276.3234953039814 -451.2497230255088 1204.3743378043127
451 -680.0820996185785 -427.3599332374343 1204.964383335335
452 -261.8661047356982 428.3300397216236 1205.6908609024408
453 0.4297824537076731 0.5756335535976878 1196.5494223118758
454 -759.2227204151243 449.5847217116282 1214.9156708394976
455 -1018.7972272583332 -9.386374054663484 1203.7007223788717
456 -1034.9932014275307 -830.9534423728547 1220.5391780724574
457 -276.3234953039814 -451.2497230255088 1204.3743378043127
458 -261.8661047356982 428.3300397216236 1205.6908609024408
459 -759.2227204151243 449.5847217116282 1214.9156708394976
460 -680.0820996185785 -427.3599332374343 1204.964383335335
461 -1018.7972272583332 -9.386374054663484 1203.7007223788717
462 -1034.9932014275307 -830.9534423728547 1220.5391780724574
463 0.4297824537076731 0.5756335535976878 1196.5494223118758
464 -276.3234953039814 -451.2497230255088 1204.3743378043127
465 -261.8661047356982 428.3300397216236 1205.6908609024408
466 -680.0820996185785 -427.3599332374343 1204.964383335335
467 -759.2227204151243 449.5847217116282 1214.9156708394976
468 -1018.7972272583332 -9.386374054663484 1203.7007223788717
469 -1034.9932014275307 -830.9534423728547 1220.5391780724574
470 0.4297824537076731 0.5756335535976878 1196.5494223118758
471 -276.3234953039814 -451.2497230255088 1204.3743378043127
472 -680.0820996185785 -427.3599332374343 1204.964383335335
473 -276.3234953039814 -451.2497230255088 1204.3743378043127
474 -759.2227204151243 449.5847217116282 1214.9156708394976
475 -261.8661047356982 428.3300397216236 1205.6908609024408
476 0.4297824537076731 0.5756335535976878 1196.5494223118758
477 -1034.9932014275307 -830.9534423728547 1220.5391780724574
478 -1018.7972272583332 -9.386374054663484 1203.7007223788717
479 -680.0820996185785 -427.3599332374343 1204.964383335335
480 -1034.9932014275307 -830.9534423728547 1220.5391780724574
481 -759.2227204151243 449.5847217116282 1214.9156708394976
482 -261.8661047356982 428.3300397216236 1205.6908609024408
483 0.4297824537076731 0.5756335535976878 1196.5494223118758
484 -1018.7972272583332 -9.386374054663484 1203.7007223788717
485 -276.3234953039814 -451.2497230255088 1204.3743378043127
486 -680.0820996185785 -427.3599332374343 1204.964383335335
487 -759.2227204151243 449.5847217116282 1214.9156708394976
488 -261.8661047356982 428.3300397216236 1205.6908609024408
489 0.4297824537076731 0.5756335535976878 1196.5494223118758
490 -276.3234953039814 -451.2497230255088 1204.3743378043127
491 -1034.9932014275307 -830.9534423728547 1220.5391780724574
492 -1018.7972272583332 -9.386374054663484 1203.7007223788717
493 -759.2227204151243 449.5847217116282 1214.9156708394976
494 -261.8661047356982 428.3300397216236 1205.6908609024408
495 -680.0820996185785 -427.3599332374343 1204.964383335335
496 0.4297824537076731 0.5756335535976878 1196.5494223118758
497 -1034.9932014275307 -830.9534423728547 1220.5391780724574
498 -276.3234953039814 -451.2497230255088 1204.3743378043127
499 -1018.7972272583332 -9.386374054663484 1203.7007223788717
500 -261.8661047356982 428.3300397216236 1205.6908609024408
501 -680.0820996185785 -427.3599332374343 1204.964383335335
502 -759.2227204151243 449.5847217116282 1214.9156708394976
503 -1018.7972272583332 -9.386374054663484 1203.7007223788717
504 -276.3234953039814 -451.2497230255088 1204.3743378043127
505 0.4297824537076731 0.5756335535976878 1196.5494223118758
506 -759.2227204151243 449.5847217116282 1214.9156708394976
507 -1018.7972272583332 -9.386374054663484 1203.7007223788717
508 -680.0820996185785 -427.3599332374343 1204.964383335335
509 -261.8661047356982 428.3300397216236 1205.6908609024408
510 0.4297824537076731 0.5756335535976878 1196.5494223118758
511 -1034.9932014275307 -830.9534423728547 1220.5391780724574
512 -276.3234953039814 -451.2497230255088 1204.3743378043127
513 -276.3234953039814 -451.2497230255088 1204.3743378043127
514 -1034.9932014275307 -830.9534423728547 1220.5391780724574
515 -680.0820996185785 -427.3599332374343 1204.964383335335
516 -1018.7972272583332 -9.386374054663484 1203.7007223788717
517 -759.2227204151243 449.5847217116282 1214.9156708394976
518 -261.8661047356982 428.3300397216236 1205.6908609024408
519 0.4297824537076731 0.5756335535976878 1196.5494223118758
520 -276.3234953039814 -451.2497230255088 1204.3743378043127
521 -680.0820996185785 -427.3599332374343 1204.964383335335
522 -261.8661047356982 428.3300397216236 1205.6908609024408
523 0.4297824537076731 0.5756335535976878 1196.5494223118758
524 -1018.7972272583332 -9.386374054663484 1203.7007223788717
525 -759.2227204151243 449.5847217116282 1214.9156708394976
526 -1034.9932014275307 -830.9534423728547 1220.5391780724574
527 -276.3234953039814 -451.2497230255088 1204.3743378043127
528 -759.2227204151243 449.5847217116282 1214.9156708394976
529 -680.0820996185785 -427.3599332374343 1204.964383335335
530 0.4297824537076731 0.5756335535976878 1196.5494223118758
531 -261.8661047356982 428.3300397216236 1205.6908609024408
532 -1034.9932014275307 -830.9534423728547 1220.5391780724574
533 -1018.7972272583332 -9.386374054663484 1203.7007223788717
534 -759.2227204151243 449.5847217116282 1214.9156708394976
535 -276.3234953039814 -451.2497230255088 1204.3743378043127
536 -680.0820996185785 -427.3599332374343 1204.964383335335
537 -261.8661047356982 428.3300397216236 1205.6908609024408
538 0.4297824537076731 0.5756335535976878 1196.5494223118758
539 -1018.7972272583332 -9.386374054663484 1203.7007223788717
540 -1034.9932014275307 -830.9534423728547 1220.5391780724574
541 -261.8661047356982 428.3300397216236 1205.6908609024408
542 -759.2227204151243 449.5847217116282 1214.9156708394976
543 -680.0820996185785 -427.3599332374343 1204.964383335335
544 -276.3234953039814 -451.2497230255088 1204.3743378043127
545 0.4297824537076731 0.5756335535976878 1196.5494223118758
546 -1018.7972272583332 -9.386374054663484 1203.7007223788717
547 -1034.9932014275307 -830.9534423728547 1220.5391780724574
548 -261.8661047356982 428.3300397216236 1205.6908609024408
549 -759.2227204151243 449.5847217116282 1214.9156708394976
550 -276.3234953039814 -451.2497230255088 1204.3743378043127
551 -680.0820996185785 -427.3599332374343 1204.964383335335
552 -1034.9932014275307 -830.9534423728547 1220.5391780724574
553 0.4297824537076731 0.5756335535976878 1196.5494223118758
554 -1018.7972272583332 -9.386374054663484 1203.7007223788717
555 -680.0820996185785 -427.3599332374343 1204.964383335335
556 -276.3234953039814 -451.2497230255088 1204.3743378043127
557 -759.2227204151243 449.5847217116282 1214.9156708394976
558 -1018.7972272583332 -9.386374054663484 1203.7007223788717
559 -1034.9932014275307 -830.9534423728547 1220.5391780724574
560 -261.8661047356982 428.3300397216236 1205.6908609024408
561 0.4297824537076731 0.5756335535976878 1196.5494223118758
562 0.4297824537076731 0.5756335535976878 1196.5494223118758
563 -276.3234953039814 -451.2497230255088 1204.3743378043127
564 -261.8661047356982 428.3300397216236 1205.6908609024408
565 -680.0820996185785 -427.3599332374343 1204.964383335335
566 -759.2227204151243 449.5847217116282 1214.9156708394976
567 -1034.9932014275307 -830.9534423728547 1220.5391780724574
568 -1018.7972272583332 -9.386374054663484 1203.7007223788717
569 0.4297824537076731 0.5756335535976878 1196.5494223118758
570 -261.8661047356982 428.3300397216236 1205.6908609024408
571 -759.2227204151243 449.5847217116282 1214.9156708394976
572 -276.3234953039814 -451.2497230255088 1204.3743378043127
573 -680.0820996185785 -427.3599332374343 1204.964383335335
574 -1018.7972272583332 -9.386374054663484 1203.7007223788717
575 0.4297824537076731 0.5756335535976878 1196.5494223118758
576 -759.2227204151243 449.5847217116282 1214.9156708394976
577 -680.0820996185785 -427.3599332374343 1204.964383335335
578 -261.8661047356982 428.3300397216236 1205.6908609024408
579 -276.3234953039814 -451.2497230255088 1204.3743378043127
580 -1018.7972272583332 -9.386374054663484 1203.7007223788717
581 -1034.9932014275307 -830.9534423728547 1220.5391780724574
582 -261.8661047356982 428.3300397216236 1205.6908609024408
583 0.4297824537076731 0.5756335535976878 1196.5494223118758
584 -276.3234953039814 -451.2497230255088 1204.3743378043127
585 -680.0820996185785 -427.3599332374343 1204.964383335335
586 -759.2227204151243 449.5847217116282 1214.9156708394976
587 -1034.9932014275307 -830.9534423728547 1220.5391780724574
588 -1018.7972272583332 -9.386374054663484 1203.7007223788717
589 -759.2227204151243 449.5847217116282 1214.9156708394976
590 0.4297824537076731 0.5756335535976878 1196.5494223118758
591 -680.0820996185785 -427.3599332374343 1204.964383335335
592 -1034.9932014275307 -830.9534423728547 1220.5391780724574
593 -1018.7972272583332 -9.386374054663484 1203.7007223788717
594 -261.8661047356982 428.3300397216236 1205.6908609024408
595 -276.3234953039814 -451.2497230255088 1204.3743378043127
596 0.4297824537076731 0.5756335535976878 1196.5494223118758
597 -276.3234953039814 -451.2497230255088 1204.3743378043127
598 -680.0820996185785 -427.3599332374343 1204.964383335335
599 -261.8661047356982 428.3300397216236 1205.6908609024408
600 -759.2227204151243 449.5847217116282 1214.9156708394976
601 -1018.7972272583332 -9.386374054663484 1203.7007223788717
602 0.4297824537076731 0.5756335535976878 1196.5494223118758
603 -276.3234953039814 -451.2497230255088 1204.3743378043127
604 -680.0820996185785 -427.3599332374343 1204.964383335335
605 -261.8661047356982 428.3300397216236 1205.6908609024408
606 -759.2227204151243 449.5847217116282 1214.9156708394976
607 -1034.9932014275307 -830.9534423728547 1220.5391780724574
608 -1018.7972272583332 -9.386374054663484 1203.7007223788717
609 0.4297824537076731 0.5756335535976878 1196.5494223118758
610 -276.3234953039814 -451.2497230255088 1204.3743378043127
611 -680.0820996185785 -427.3599332374343 1204.964383335335
612 -759.2227204151243 449.5847217116282 1214.9156708394976
613 -261.8661047356982 428.3300397216236 1205.6908609024408
614 -1018.7972272583332 -9.386374054663484 1203.7007223788717
615 -1034.9932014275307 -830.9534423728547 1220.5391780724574
616 0.4297824537076731 0.5756335535976878 1196.5494223118758
617 -261.8661047356982 428.3300397216236 1205.6908609024408
618 -759.2227204151243 449.5847217116282 1214.9156708394976
619 -276.3234953039814 -451.2497230255088 1204.3743378043127
620 -680.0820996185785 -427.3599332374343 1204.964383335335
621 -1018.7972272583332 -9.386374054663484 1203.7007223788717
622 0.4297824537076731 0.5756335535976878 1196.5494223118758
623 -759.2227204151243 449.5847217116282 1214.9156708394976
624 -276.3234953039814 -451.2497230255088 1204.3743378043127
625 -261.8661047356982 428.3300397216236 1205.6908609024408
626 -680.0820996185785 -427.3599332374343 1204.964383335335
627 -1018.7972272583332 -9.386374054663484 1203.7007223788717
628 -1034.9932014275307 -830.9534423728547 1220.5391780724574
629 -276.3234953039814 -451.2497230255088 1204.3743378043127
630 0.4297824537076731 0.5756335535976878 1196.5494223118758
631 -261.8661047356982 428.3300397216236 1205.6908609024408
632 -680.0820996185785 -427.3599332374343 1204.964383335335
633 -759.2227204151243 449.5847217116282 1214.9156708394976
634 -1034.9932014275307 -830.9534423728547 1220.5391780724574
635 -1018.7972272583332 -9.386374054663484 1203.7007223788717
636 -261.8661047356982 428.3300397216236 1205.6908609024408
637 -276.3234953039814 -451.2497230255088 1204.3743378043127
638 -680.0820996185785 -427.3599332374343 1204.964383335335
639 0.4297824537076731 0.5756335535976878 1196.5494223118758
640 -759.2227204151243 449.5847217116282 1214.9156708394976
641 -1034.9932014275307 -830.9534423728547 1220.5391780724574
642 -1018.7972272583332 -9.386374054663484 1203.7007223788717
643 -261.8661047356982 428.3300397216236 1205.6908609024408
644 -759.2227204151243 449.5847217116282 1214.9156708394976
645 -276.3234953039814 -451.2497230255088 1204.3743378043127
646 -680.0820996185785 -427.3599332374343 1204.964383335335
647 -1018.7972272583332 -9.386374054663484 1203.7007223788717
648 -1034.9932014275307 -830.9534423728547 1220.5391780724574
649 0.4297824537076731 0.5756335535976878 1196.5494223118758
650 -759.2227204151243 449.5847217116282 1214.9156708394976
651 -680.0820996185785 -427.3599332374343 1204.964383335335
652 -261.8661047356982 428.3300397216236 1205.6908609024408
653 -276.3234953039814 -451.2497230255088 1204.3743378043127
654 -1034.9932014275307 -830.9534423728547 1220.5391780724574
655 0.4297824537076731 0.5756335535976878 1196.5494223118758
656 -1018.7972272583332 -9.386374054663484 1203.7007223788717
657 -261.8661047356982 428.3300397216236 1205.6908609024408
658 -680.0820996185785 -427.3599332374343 1204.964383335335
659 -1018.7972272583332 -9.386374054663484 1203.7007223788717
660 -276.3234953039814 -451.2497230255088 1204.3743378043127
661 -759.2227204151243 449.5847217116282 1214.9156708394976
662 0.4297824537076731 0.5756335535976878 1196.5494223118758
663 -1034.9932014275307 -830.9534423728547 1220.5391780724574
664 -261.8661047356982 428.3300397216236 1205.6908609024408
665 -276.3234953039814 -451.2497230255088 1204.3743378043127
666 -759.2227204151243 449.5847217116282 1214.9156708394976
667 -680.0820996185785 -427.3599332374343 1204.964383335335
668 -1018.7972272583332 -9.386374054663484 1203.7007223788717
669 0.4297824537076731 0.5756335535976878 1196.5494223118758
670 -1034.9932014275307 -830.9534423728547 1220.5391780724574
671 -276.3234953039814 -451.2497230255088 1204.3743378043127
672 0.4297824537076731 0.5756335535976878 1196.5494223118758
673 -261.8661047356982 428.3300397216236 1205.6908609024408
674 -680.0820996185785 -427.3599332374343 1204.964383335335
675 -759.2227204151243 449.5847217116282 1214.9156708394976
676 -1018.7972272583332 -9.386374054663484 1203.7007223788717
677 -1034.9932014275307 -830.9534423728547 1220.5391780724574
678 0.4297824537076731 0.5756335535976878 1196.5494223118758
679 -276.3234953039814 -451.2497230255088 1204.3743378043127
680 -680.0820996185785 -427.3599332374343 1204.964383335335
681 -759.2227204151243 449.5847217116282 1214.9156708394976
682 -261.8661047356982 428.3300397216236 1205.6908609024408
683 -1018.7972272583332 -9.386374054663484 1203.7007223788717
684 -1034.9932014275307 -830.9534423728547 1220.5391780724574
685 -759.2227204151243 449.5847217116282 1214.9156708394976
686 -680.0820996185785 -427.3599332374343 1204.964383335335
687 -261.8661047356982 428.3300397216236 1205.6908609024408
688 -276.3234953039814 -451.2497230255088 1204.3743378043127
689 -1034.9932014275307 -830.9534423728547 1220.5391780724574
690 -1018.7972272583332 -9.386374054663484 1203.7007223788717
691 0.4297824537076731 0.5756335535976878 1196.5494223118758
692 -1034.9932014275307 -830.9534423728547 1220.5391780724574
693 -680.0820996185785 -427.3599332374343 1204.964383335335
694 -1018.7972272583332 -9.386374054663484 1203.7007223788717
695 -276.3234953039814 -451.2497230255088 1204.3743378043127
696 -261.8661047356982 428.3300397216236 1205.6908609024408
697 -759.2227204151243 449.5847217116282 1214.9156708394976
698 0.4297824537076731 0.5756335535976878 1196.5494223118758
699 -276.3234953039814 -451.2497230255088 1204.3743378043127
700 -680.0820996185785 -427.3599332374343 1204.964383335335
701 -261.8661047356982 428.3300397216236 1205.6908609024408
702 -759.2227204151243 449.5847217116282 1214.9156708394976
703 -1018.7972272583332 -9.386374054663484 1203.7007223788717
704 0.4297824537076731 0.5756335535976878 1196.5494223118758
705 -1034.9932014275307 -830.9534423728547 1220.5391780724574
706 -261.8661047356982 428.3300397216236 1205.6908609024408
707 -276.3234953039814 -451.2497230255088 1204.3743378043127
708 -759.2227204151243 449.5847217116282 1214.9156708394976
709 -680.0820996185785 -427.3599332374343 1204.964383335335
710 0.4297824537076731 0.5756335535976878 1196.5494223118758
711 -1018.7972272583332 -9.386374054663484 1203.7007223788717
712 -1034.9932014275307 -830.9534423728547 1220.5391780724574
713 -680.0820996185785 -427.3599332374343 1204.964383335335
714 0.4297824537076731 0.5756335535976878 1196.5494223118758
715 -276.3234953039814 -451.2497230255088 1204.3743378043127
716 -261.8661047356982 428.3300397216236 1205.6908609024408
717 -759.2227204151243 449.5847217116282 1214.9156708394976
718 -1034.9932014275307 -830.9534423728547 1220.5391780724574
719 -1018.7972272583332 -9.386374054663484 1203.7007223788717
720 -759.2227204151243 449.5847217116282 1214.9156708394976
721 -276.3234953039814 -451.2497230255088 1204.3743378043127
722 -680.0820996185785 -427.3599332374343 1204.964383335335
723 -261.8661047356982 428.3300397216236 1205.6908609024408
724 -1018.7972272583332 -9.386374054663484 1203.7007223788717
725 0.4297824537076731 0.5756335535976878 1196.5494223118758
726 -1034.9932014275307 -830.9534423728547 1220.5391780724574
727 -680.0820996185785 -427.3599332374343 1204.964383335335
728 -1034.9932014275307 -830.9534423728547 1220.5391780724574
729 -276.3234953039814 -451.2497230255088 1204.3743378043127
730 -261.8661047356982 428.3300397216236 1205.6908609024408
731 -1018.7972272583332 -9.386374054663484 1203.7007223788717
732 -759.2227204151243 449.5847217116282 1214.9156708394976
733 0.4297824537076731 0.5756335535976878 1196.5494223118758
734 -1034.9932014275307 -830.9534423728547 1220.5391780724574
735 -680.0820996185785 -427.3599332374343 1204.964383335335
736 -276.3234953039814 -451.2497230255088 1204.3743378043127
737 -261.8661047356982 428.3300397216236 1205.6908609024408
738 -759.2227204151243 449.5847217116282 1214.9156708394976
739 -1018.7972272583332 -9.386374054663484 1203.7007223788717
740 0.4297824537076731 0.5756335535976878 1196.5494223118758
741 -261.8661047356982 428.3300397216236 1205.6908609024408
742 -276.3234953039814 -451.2497230255088 1204.3743378043127
743 -680.0820996185785 -427.3599332374343 1204.964383335335
744 -759.2227204151243 449.5847217116282 1214.9156708394976
745 -1018.7972272583332 -9.386374054663484 1203.7007223788717
746 0.4297824537076731 0.5756335535976878 1196.5494223118758
747 0.4297824537076731 0.5756335535976878 1196.5494223118758
748 -1034.9932014275307 -830.9534423728547 1220.5391780724574
749 -680.0820996185785 -427.3599332374343 1204.964383335335
750 -759.2227204151243 449.5847217116282 1214.9156708394976
751 -261.8661047356982 428.3300397216236 1205.6908609024408
752 -276.3234953039814 -451.2497230255088 1204.3743378043127
753 -1018.7972272583332 -9.386374054663484 1203.7007223788717
754 -759.2227204151243 449.5847217116282 1214.9156708394976
755 0.4297824537076731 0.5756335535976878 1196.5494223118758
756 -680.0820996185785 -427.3599332374343 1204.964383335335
757 -276.3234953039814 -451.2497230255088 1204.3743378043127
758 -261.8661047356982 428.3300397216236 1205.6908609024408
759 -1018.7972272583332 -9.386374054663484 1203.7007223788717
760 -680.0820996185785 -427.3599332374343 1204.964383335335
761 -759.2227204151243 449.5847217116282 1214.9156708394976
762 -261.8661047356982 428.3300397216236 1205.6908609024408
763 -276.3234953039814 -451.2497230255088 1204.3743378043127
764 0.4297824537076731 0.5756335535976878 1196.5494223118758
765 -1018.7972272583332 -9.386374054663484 1203.7007223788717
766 -1034.9932014275307 -830.9534423728547 1220.5391780724574
767 -276.3234953039814 -451.2497230255088 1204.3743378043127
768 -261.8661047356982 428.3300397216236 1205.6908609024408
769 -759.2227204151243 449.5847217116282 1214.9156708394976
770 -680.0820996185785 -427.3599332374343 1204.964383335335
771 -1018.7972272583332 -9.386374054663484 1203.7007223788717
772 0.4297824537076731 0.5756335535976878 1196.5494223118758
773 -1034.9932014275307 -830.9534423728547 1220.5391780724574
774 -261.8661047356982 428.3300397216236 1205.6908609024408
775 -276.3234953039814 -451.2497230255088 1204.3743378043127
776 -680.0820996185785 -427.3599332374343 1204.964383335335
777 -759.2227204151243 449.5847217116282 1214.9156708394976
778 0.4297824537076731 0.5756335535976878 1196.5494223118758
779 -1018.7972272583332 -9.386374054663484 1203.7007223788717
780 -1034.9932014275307 -830.9534423728547 1220.5391780724574
781 -261.8661047356982 428.3300397216236 1205.6908609024408
782 -276.3234953039814 -451.2497230255088 1204.3743378043127
783 -759.2227204151243 449.5847217116282 1214.9156708394976
784 -680.0820996185785 -427.3599332374343 1204.964383335335
785 -1034.9932014275307 -830.9534423728547 1220.5391780724574
786 0.4297824537076731 0.5756335535976878 1196.5494223118758
787 -1018.7972272583332 -9.386374054663484 1203.7007223788717
788 -759.2227204151243 449.5847217116282 1214.9156708394976
789 -276.3234953039814 -451.2497230255088 1204.3743378043127
790 -680.0820996185785 -427.3599332374343 1204.964383335335
791 -261.8661047356982 428.3300397216236 1205.6908609024408
792 -1018.7972272583332 -9.386374054663484 1203.7007223788717
793 -1034.9932014275307 -830.9534423728547 1220.5391780724574
794 0.4297824537076731 0.5756335535976878 1196.5494223118758
795 -680.0820996185785 -427.3599332374343 1204.964383335335
796 0.4297824537076731 0.5756335535976878 1196.5494223118758
797 -276.3234953039814 -451.2497230255088 1204.3743378043127
798 -261.8661047356982 428.3300397216236 1205.6908609024408
799 -759.2227204151243 449.5847217116282 1214.9156708394976
800 -1034.9932014275307 -830.9534423728547 1220.5391780724574
801 -1018.7972272583332 -9.386374054663484 1203.7007223788717
802 -680.0820996185785 -427.3599332374343 1204.964383335335
803 -276.3234953039814 -451.2497230255088 1204.3743378043127
804 -759.2227204151243 449.5847217116282 1214.9156708394976
805 -261.8661047356982 428.3300397216236 1205.6908609024408
806 0.4297824537076731 0.5756335535976878 1196.5494223118758
807 -1018.7972272583332 -9.386374054663484 1203.7007223788717
808 -1034.9932014275307 -830.9534423728547 1220.5391780724574
809 -680.0820996185785 -427.3599332374343 1204.964383335335
810 -276.3234953039814 -451.2497230255088 1204.3743378043127
811 -759.2227204151243 449.5847217116282 1214.9156708394976
812 -261.8661047356982 428.3300397216236 1205.6908609024408
813 -1018.7972272583332 -9.386374054663484 1203.7007223788717
814 -1034.9932014275307 -830.9534423728547 1220.5391780724574
815 0.4297824537076731 0.5756335535976878 1196.5494223118758
816 -261.8661047356982 428.3300397216236 1205.6908609024408
817 -680.0820996185785 -427.3599332374343 1204.964383335335
818 -276.3234953039814 -451.2497230255088 1204.3743378043127
819 -759.2227204151243 449.5847217116282 1214.9156708394976
820 -1034.9932014275307 -830.9534423728547 1220.5391780724574
821 0.4297824537076731 0.5756335535976878 1196.5494223118758
822 -1018.7972272583332 -9.386374054663484 1203.7007223788717
823 -759.2227204151243 449.5847217116282 1214.9156708394976
824 -261.8661047356982 428.3300397216236 1205.6908609024408
825 -680.0820996185785 -427.3599332374343 1204.964383335335
826 -1034.9932014275307 -830.9534423728547 1220.5391780724574
827 -1018.7972272583332 -9.386374054663484 1203.7007223788717
828 -276.3234953039814 -451.2497230255088 1204.3743378043127
829 0.4297824537076731 0.5756335535976878 1196.5494223118758
830 -759.2227204151243 449.5847217116282 1214.9156708394976
831 -680.0820996185785 -427.3599332374343 1204.964383335335
832 -276.3234953039814 -451.2497230255088 1204.3743378043127
833 -261.8661047356982 428.3300397216236 1205.6908609024408
834 -1018.7972272583332 -9.386374054663484 1203.7007223788717
835 0.4297824537076731 0.5756335535976878 1196.5494223118758
836 -1034.9932014275307 -830.9534423728547 1220.5391780724574
837 -680.0820996185785 -427.3599332374343 1204.964383335335
838 -261.8661047356982 428.3300397216236 1205.6908609024408
839 -276.3234953039814 -451.2497230255088 1204.3743378043127
840 0.4297824537076731 0.5756335535976878 1196.5494223118758
841 -759.2227204151243 449.5847217116282 1214.9156708394976
842 -1018.7972272583332 -9.386374054663484 1203.7007223788717
843 -1034.9932014275307 -830.9534423728547 1220.5391780724574
844 -680.0820996185785 -427.3599332374343 1204.964383335335
845 -276.3234953039814 -451.2497230255088 1204.3743378043127
846 -759.2227204151243 449.5847217116282 1214.9156708394976
847 -261.8661047356982 428.3300397216236 1205.6908609024408
848 -1034.9932014275307 -830.9534423728547 1220.5391780724574
849 0.4297824537076731 0.5756335535976878 1196.5494223118758
850 -1018.7972272583332 -9.386374054663484 1203.7007223788717
851 -276.3234953039814 -451.2497230255088 1204.3743378043127
852 -680.0820996185785 -427.3599332374343 1204.964383335335
853 -261.8661047356982 428.3300397216236 1205.6908609024408
854 -759.2227204151243 449.5847217116282 1214.9156708394976
855 -1018.7972272583332 -9.386374054663484 1203.7007223788717
856 -1034.9932014275307 -830.9534423728547 1220.5391780724574
857 0.4297824537076731 0.5756335535976878 1196.5494223118758
858 -261.8661047356982 428.3300397216236 1205.6908609024408
859 -1034.9932014275307 -830.9534423728547 1220.5391780724574
860 -759.2227204151243 449.5847217116282 1214.9156708394976
861 -680.0820996185785 -427.3599332374343 1204.964383335335
862 -276.3234953039814 -451.2497230255088 1204.3743378043127
863 -1018.7972272583332 -9.386374054663484 1203.7007223788717
864 0.4297824537076731 0.5756335535976878 1196.5494223118758
865 -261.8661047356982 428.3300397216236 1205.6908609024408
866 -759.2227204151243 449.5847217116282 1214.9156708394976
867 -680.0820996185785 -427.3599332374343 1204.964383335335
868 -276.3234953039814 -451.2497230255088 1204.3743378043127
869 -1034.9932014275307 -830.9534423728547 1220.5391780724574
870 -1018.7972272583332 -9.386374054663484 1203.7007223788717
871 0.4297824537076731 0.5756335535976878 1196.5494223118758
872 -759.2227204151243 449.5847217116282 1214.9156708394976
873 -680.0820996185785 -427.3599332374343 1204.964383335335
874 -261.8661047356982 428.3300397216236 1205.6908609024408
875 -276.3234953039814 -451.2497230255088 1204.3743378043127
876 0.4297824537076731 0.5756335535976878 1196.5494223118758
877 -1018.7972272583332 -9.386374054663484 1203.7007223788717
878 -1034.9932014275307 -830.9534423728547 1220.5391780724574
879 -759.2227204151243 449.5847217116282 1214.9156708394976
880 -680.0820996185785 -427.3599332374343 1204.964383335335
881 -276.3234953039814 -451.2497230255088 1204.3743378043127
882 -261.8661047356982 428.3300397216236 1205.6908609024408
883 -1018.7972272583332 -9.386374054663484 1203.7007223788717
884 -1034.9932014275307 -830.9534423728547 1220.5391780724574
885 0.4297824537076731 0.5756335535976878 1196.5494223118758
886 -680.0820996185785 -427.3599332374343 1204.964383335335
887 -276.3234953039814 -451.2497230255088 1204.3743378043127
888 -759.2227204151243 449.5847217116282 1214.9156708394976
889 -261.8661047356982 428.3300397216236 1205.6908609024408
890 -1034.9932014275307 -830.9534423728547 1220.5391780724574
891 0.4297824537076731 0.5756335535976878 1196.5494223118758
892 -1018.7972272583332 -9.386374054663484 1203.7007223788717
893 -276.3234953039814 -451.2497230255088 1204.3743378043127
894 -680.0820996185785 -427.3599332374343 1204.964383335335
895 -261.8661047356982 428.3300397216236 1205.6908609024408
896 -759.2227204151243 449.5847217116282 1214.9156708394976
897 -1018.7972272583332 -9.386374054663484 1203.7007223788717
898 0.4297824537076731 0.5756335535976878 1196.5494223118758
899 -1034.9932014275307 -830.9534423728547 1220.5391780724574
900 -276.3234953039814 -451.2497230255088 1204.3743378043127
901 -261.8661047356982 428.3300397216236 1205.6908609024408
902 -759.2227204151243 449.5847217116282 1214.9156708394976
903 -680.0820996185785 -427.3599332374343 1204.964383335335
904 0.4297824537076731 0.5756335535976878 1196.5494223118758
905 -1018.7972272583332 -9.386374054663484 1203.7007223788717
906 0.4297824537076731 0.5756335535976878 1196.5494223118758
907 -1034.9932014275307 -830.9534423728547 1220.5391780724574
908 -276.3234953039814 -451.2497230255088 1204.3743378043127
909 -680.0820996185785 -427.3599332374343 1204.964383335335
910 -261.8661047356982 428.3300397216236 1205.6908609024408
911 -759.2227204151243 449.5847217116282 1214.9156708394976
912 -1018.7972272583332 -9.386374054663484 1203.7007223788717
913 -1034.9932014275307 -830.9534423728547 1220.5391780724574
914 0.4297824537076731 0.5756335535976878 1196.5494223118758
915 -276.3234953039814 -451.2497230255088 1204.3743378043127
916 -680.0820996185785 -427.3599332374343 1204.964383335335
917 -261.8661047356982 428.3300397216236 1205.6908609024408
918 -759.2227204151243 449.5847217116282 1214.9156708394976
919 -1018.7972272583332 -9.386374054663484 1203.7007223788717
920 0.4297824537076731 0.5756335535976878 1196.5494223118758
921 -1034.9932014275307 -830.9534423728547 1220.5391780724574
922 -680.0820996185785 -427.3599332374343 1204.964383335335
923 -261.8661047356982 428.3300397216236 1205.6908609024408
924 -276.3234953039814 -451.2497230255088 1204.3743378043127
925 -759.2227204151243 449.5847217116282 1214.9156708394976
926 -1018.7972272583332 -9.386374054663484 1203.7007223788717
927 -680.0820996185785 -427.3599332374343 1204.964383335335
928 -276.3234953039814 -451.2497230255088 1204.3743378043127
929 -759.2227204151243 449.5847217116282 1214.9156708394976
930 -1034.9932014275307 -830.9534423728547 1220.5391780724574
931 -261.8661047356982 428.3300397216236 1205.6908609024408
932 0.4297824537076731 0.5756335535976878 1196.5494223118758
933 -1018.7972272583332 -9.386374054663484 1203.7007223788717
934 -276.3234953039814 -451.2497230255088 1204.3743378043127
935 -261.8661047356982 428.3300397216236 1205.6908609024408
936 -680.0820996185785 -427.3599332374343 1204.964383335335
937 -759.2227204151243 449.5847217116282 1214.9156708394976
938 0.4297824537076731 0.5756335535976878 1196.5494223118758
939 -1018.7972272583332 -9.386374054663484 1203.7007223788717
940 -276.3234953039814 -451.2497230255088 1204.3743378043127
941 -261.8661047356982 428.3300397216236 1205.6908609024408
942 -680.0820996185785 -427.3599332374343 1204.964383335335
943 -759.2227204151243 449.5847217116282 1214.9156708394976
944 -1018.7972272583332 -9.386374054663484 1203.7007223788717
945 0.4297824537076731 0.5756335535976878 1196.5494223118758
946 -1034.9932014275307 -830.9534423728547 1220.5391780724574
947 -759.2227204151243 449.5847217116282 1214.9156708394976
948 -276.3234953039814 -451.2497230255088 1204.3743378043127
949 -261.8661047356982 428.3300397216236 1205.6908609024408
950 -680.0820996185785 -427.3599332374343 1204.964383335335
951 0.4297824537076731 0.5756335535976878 1196.5494223118758
952 -1034.9932014275307 -830.9534423728547 1220.5391780724574
953 -1018.7972272583332 -9.386374054663484 1203.7007223788717
954 -759.2227204151243 449.5847217116282 1214.9156708394976
955 -680.0820996185785 -427.3599332374343 1204.964383335335
956 -261.8661047356982 428.3300397216236 1205.6908609024408
957 -276.3234953039814 -451.2497230255088 1204.3743378043127
958 -1018.7972272583332 -9.386374054663484 1203.7007223788717
959 0.4297824537076731 0.5756335535976878 1196.5494223118758
960 -1018.7972272583332 -9.386374054663484 1203.7007223788717
961 -680.0820996185785 -427.3599332374343 1204.964383335335
962 -261.8661047356982 428.3300397216236 1205.6908609024408
963 0.4297824537076731 0.5756335535976878 1196.5494223118758
964 -276.3234953039814 -451.2497230255088 1204.3743378043127
965 -759.2227204151243 449.5847217116282 1214.9156708394976
966 -261.8661047356982 428.3300397216236 1205.6908609024408
967 0.4297824537076731 0.5756335535976878 1196.5494223118758
968 -276.3234953039814 -451.2497230255088 1204.3743378043127
969 -680.0820996185785 -427.3599332374343 1204.964383335335
970 -759.2227204151243 449.5847217116282 1214.9156708394976
971 -1018.7972272583332 -9.386374054663484 1203.7007223788717
972 -261.8661047356982 428.3300397216236 1205.6908609024408
973 -276.3234953039814 -451.2497230255088 1204.3743378043127
974 -680.0820996185785 -427.3599332374343 1204.964383335335
975 -759.2227204151243 449.5847217116282 1214.9156708394976
976 -1018.7972272583332 -9.386374054663484 1203.7007223788717
977 0.4297824537076731 0.5756335535976878 1196.5494223118758
978 -1034.9932014275307 -830.9534423728547 1220.5391780724574
979 -276.3234953039814 -451.2497230255088 1204.3743378043127
980 -261.8661047356982 428.3300397216236 1205.6908609024408
981 -680.0820996185785 -427.3599332374343 1204.964383335335
982 -759.2227204151243 449.5847217116282 1214.9156708394976
983 -1018.7972272583332 -9.386374054663484 1203.7007223788717
984 0.4297824537076731 0.5756335535976878 1196.5494223118758
985 -1034.9932014275307 -830.9534423728547 1220.5391780724574
986 -276.3234953039814 -451.2497230255088 1204.3743378043127
987 -680.0820996185785 -427.3599332374343 1204.964383335335
988 -261.8661047356982 428.3300397216236 1205.6908609024408
989 -759.2227204151243 449.5847217116282 1214.9156708394976
990 -1034.9932014275307 -830.9534423728547 1220.5391780724574
991 0.4297824537076731 0.5756335535976878 1196.5494223118758
992 -1018.7972272583332 -9.386374054663484 1203.7007223788717
993 -759.2227204151243 449.5847217116282 1214.9156708394976
994 -276.3234953039814 -451.2497230255088 1204.3743378043127
995 -680.0820996185785 -427.3599332374343 1204.964383335335
996 -261.8661047356982 428.3300397216236 1205.6908609024408
997 0.4297824537076731 0.5756335535976878 1196.5494223118758
998 -1018.7972272583332 -9.386374054663484 1203.7007223788717
999 -1034.9932014275307 -830.9534423728547 1220.5391780724574
1000 -759.2227204151243 449.5847217116282 1214.9156708394976
1001 0.4297824537076731 0.5756335535976878 1196.5494223118758
1002 -261.8661047356982 428.3300397216236 1205.6908609024408
1003 -680.0820996185785 -427.3599332374343 1204.964383335335
1004 -276.3234953039814 -451.2497230255088 1204.3743378043127
1005 -1018.7972272583332 -9.386374054663484 1203.7007223788717
1006 -1034.9932014275307 -830.9534423728547 1220.5391780724574
1007 -261.8661047356982 428.3300397216236 1205.6908609024408
1008 -759.2227204151243 449.5847217116282 1214.9156708394976
1009 -680.0820996185785 -427.3599332374343 1204.964383335335
1010 -276.3234953039814 -451.2497230255088 1204.3743378043127
1011 -1034.9932014275307 -830.9534423728547 1220.5391780724574
1012 0.4297824537076731 0.5756335535976878 1196.5494223118758
1013 -1018.7972272583332 -9.386374054663484 1203.7007223788717
1014 -276.3234953039814 -451.2497230255088 1204.3743378043127
1015 -261.8661047356982 428.3300397216236 1205.6908609024408
1016 -680.0820996185785 -427.3599332374343 1204.964383335335
1017 -759.2227204151243 449.5847217116282 1214.9156708394976
1018 0.4297824537076731 0.5756335535976878 1196.5494223118758
1019 -1034.9932014275307 -830.9534423728547 1220.5391780724574
1020 -1018.7972272583332 -9.386374054663484 1203.7007223788717
1021 -680.0820996185785 -427.3599332374343 1204.964383335335
1022 -276.3234953039814 -451.2497230255088 1204.3743378043127
1023 -759.2227204151243 449.5847217116282 1214.9156708394976
1024 -261.8661047356982 428.3300397216236 1205.6908609024408
1025 -1018.7972272583332 -9.386374054663484 1203.7007223788717
1026 0.4297824537076731 0.5756335535976878 1196.5494223118758
1027 -1034.9932014275307 -830.9534423728547 1220.5391780724574
1028 -276.3234953039814 -451.2497230255088 1204.3743378043127
1029 -680.0820996185785 -427.3599332374343 1204.964383335335
1030 -759.2227204151243 449.5847217116282 1214.9156708394976
1031 -261.8661047356982 428.3300397216236 1205.6908609024408
1032 0.4297824537076731 0.5756335535976878 1196.5494223118758
1033 -1018.7972272583332 -9.386374054663484 1203.7007223788717
1034 -1034.9932014275307 -830.9534423728547 1220.5391780724574
1035 -759.2227204151243 449.5847217116282 1214.9156708394976
1036 0.4297824537076731 0.5756335535976878 1196.5494223118758
1037 -1018.7972272583332 -9.386374054663484 1203.7007223788717
1038 -276.3234953039814 -451.2497230255088 1204.3743378043127
1039 -680.0820996185785 -427.3599332374343 1204.964383335335
1040 -261.8661047356982 428.3300397216236 1205.6908609024408
1041 -1034.9932014275307 -830.9534423728547 1220.5391780724574
1042 -759.2227204151243 449.5847217116282 1214.9156708394976
1043 -680.0820996185785 -427.3599332374343 1204.964383335335
1044 -1034.9932014275307 -830.9534423728547 1220.5391780724574
1045 -261.8661047356982 428.3300397216236 1205.6908609024408
1046 -276.3234953039814 -451.2497230255088 1204.3743378043127
1047 0.4297824537076731 0.5756335535976878 1196.5494223118758
1048 -1018.7972272583332 -9.386374054663484 1203.7007223788717
1049 -759.2227204151243 449.5847217116282 1214.9156708394976
1050 -276.3234953039814 -451.2497230255088 1204.3743378043127
1051 -680.0820996185785 -427.3599332374343 1204.964383335335
1052 -261.8661047356982 428.3300397216236 1205.6908609024408
1053 -1034.9932014275307 -830.9534423728547 1220.5391780724574
1054 0.4297824537076731 0.5756335535976878 1196.5494223118758
1055 -1018.7972272583332 -9.386374054663484 1203.7007223788717
1056 -261.8661047356982 428.3300397216236 1205.6908609024408
1057 -276.3234953039814 -451.2497230255088 1204.3743378043127
1058 -759.2227204151243 449.5847217116282 1214.9156708394976
1059 -680.0820996185785 -427.3599332374343 1204.964383335335
1060 -1018.7972272583332 -9.386374054663484 1203.7007223788717
1061 0.4297824537076731 0.5756335535976878 1196.5494223118758
1062 -680.0820996185785 -427.3599332374343 1204.964383335335
1063 -261.8661047356982 428.3300397216236 1205.6908609024408
1064 -759.2227204151243 449.5847217116282 1214.9156708394976
1065 -276.3234953039814 -451.2497230255088 1204.3743378043127
1066 -1034.9932014275307 -830.9534423728547 1220.5391780724574
1067 0.4297824537076731 0.5756335535976878 1196.5494223118758
1068 -1018.7972272583332 -9.386374054663484 1203.7007223788717
1069 -276.3234953039814 -451.2497230255088 1204.3743378043127
1070 0.4297824537076731 0.5756335535976878 1196.5494223118758
1071 -680.0820996185785 -427.3599332374343 1204.964383335335
1072 -261.8661047356982 428.3300397216236 1205.6908609024408
1073 -759.2227204151243 449.5847217116282 1214.9156708394976
1074 -1034.9932014275307 -830.9534423728547 1220.5391780724574
1075 -1018.7972272583332 -9.386374054663484 1203.7007223788717
1076 -261.8661047356982 428.3300397216236 1205.6908609024408
1077 -276.3234953039814 -451.2497230255088 1204.3743378043127
1078 -680.0820996185785 -427.3599332374343 1204.964383335335
1079 -1018.7972272583332 -9.386374054663484 1203.7007223788717
1080 -759.2227204151243 449.5847217116282 1214.9156708394976
1081 0.4297824537076731 0.5756335535976878 1196.5494223118758
1082 -261.8661047356982 428.3300397216236 1205.6908609024408
1083 -276.3234953039814 -451.2497230255088 1204.3743378043127
1084 -680.0820996185785 -427.3599332374343 1204.964383335335
1085 -759.2227204151243 449.5847217116282 1214.9156708394976
1086 -1018.7972272583332 -9.386374054663484 1203.7007223788717
1087 -1034.9932014275307 -830.9534423728547 1220.5391780724574
1088 0.4297824537076731 0.5756335535976878 1196.5494223118758
1089 -1034.9932014275307 -830.9534423728547 1220.5391780724574
1090 -276.3234953039814 -451.2497230255088 1204.3743378043127
1091 -680.0820996185785 -427.3599332374343 1204.964383335335
1092 -261.8661047356982 428.3300397216236 1205.6908609024408
1093 -759.2227204151243 449.5847217116282 1214.9156708394976
1094 0.4297824537076731 0.5756335535976878 1196.5494223118758
1095 -1018.7972272583332 -9.386374054663484 1203.7007223788717
1096 -276.3234953039814 -451.2497230255088 1204.3743378043127
1097 -680.0820996185785 -427.3599332374343 1204.964383335335
1098 -759.2227204151243 449.5847217116282 1214.9156708394976
1099 -261.8661047356982 428.3300397216236 1205.6908609024408
1100 -1018.7972272583332 -9.386374054663484 1203.7007223788717
1101 0.4297824537076731 0.5756335535976878 1196.5494223118758
1102 -759.2227204151243 449.5847217116282 1214.9156708394976
1103 -680.0820996185785 -427.3599332374343 1204.964383335335
1104 -276.3234953039814 -451.2497230255088 1204.3743378043127
1105 -261.8661047356982 428.3300397216236 1205.6908609024408
1106 -1034.9932014275307 -830.9534423728547 1220.5391780724574
1107 0.4297824537076731 0.5756335535976878 1196.5494223118758
1108 -1018.7972272583332 -9.386374054663484 1203.7007223788717
1109 -680.0820996185785 -427.3599332374343 1204.964383335335
1110 -276.3234953039814 -451.2497230255088 1204.3743378043127
1111 -261.8661047356982 428.3300397216236 1205.6908609024408
1112 -759.2227204151243 449.5847217116282 1214.9156708394976
1113 0.4297824537076731 0.5756335535976878 1196.5494223118758
1114 -1018.7972272583332 -9.386374054663484 1203.7007223788717
1115 -1034.9932014275307 -830.9534423728547 1220.5391780724574
1116 -680.0820996185785 -427.3599332374343 1204.964383335335
1117 -261.8661047356982 428.3300397216236 1205.6908609024408
1118 -276.3234953039814 -451.2497230255088 1204.3743378043127
1119 -759.2227204151243 449.5847217116282 1214.9156708394976
1120 0.4297824537076731 0.5756335535976878 1196.5494223118758
1121 -1034.9932014275307 -830.9534423728547 1220.5391780724574
1122 -1018.7972272583332 -9.386374054663484 1203.7007223788717
1123 -680.0820996185785 -427.3599332374343 1204.964383335335
1124 -1018.7972272583332 -9.386374054663484 1203.7007223788717
1125 -1034.9932014275307 -830.9534423728547 1220.5391780724574
1126 -276.3234953039814 -451.2497230255088 1204.3743378043127
1127 -261.8661047356982 428.3300397216236 1205.6908609024408
1128 -759.2227204151243 449.5847217116282 1214.9156708394976
1129 0.4297824537076731 0.5756335535976878 1196.5494223118758
1130 -680.0820996185785 -427.3599332374343 1204.964383335335
1131 -276.3234953039814 -451.2497230255088 1204.3743378043127
1132 -261.8661047356982 428.3300397216236 1205.6908609024408
1133 -759.2227204151243 449.5847217116282 1214.9156708394976
1134 0.4297824537076731 0.5756335535976878 1196.5494223118758
1135 -1034.9932014275307 -830.9534423728547 1220.5391780724574
1136 -1018.7972272583332 -9.386374054663484 1203.7007223788717
1137 -261.8661047356982 428.3300397216236 1205.6908609024408
1138 -759.2227204151243 449.5847217116282 1214.9156708394976
1139 -680.0820996185785 -427.3599332374343 1204.964383335335
1140 -276.3234953039814 -451.2497230255088 1204.3743378043127
1141 0.4297824537076731 0.5756335535976878 1196.5494223118758
1142 -1034.9932014275307 -830.9534423728547 1220.5391780724574
1143 -1018.7972272583332 -9.386374054663484 1203.7007223788717
1144 -261.8661047356982 428.3300397216236 1205.6908609024408
1145 -680.0820996185785 -427.3599332374343 1204.964383335335
1146 -276.3234953039814 -451.2497230255088 1204.3743378043127
1147 -759.2227204151243 449.5847217116282 1214.9156708394976
1148 -1018.7972272583332 -9.386374054663484 1203.7007223788717
1149 0.4297824537076731 0.5756335535976878 1196.5494223118758
1150 -1034.9932014275307 -830.9534423728547 1220.5391780724574
1151 -276.3234953039814 -451.2497230255088 1204.3743378043127
1152 -1018.7972272583332 -9.386374054663484 1203.7007223788717
1153 -680.0820996185785 -427.3599332374343 1204.964383335335
1154 -261.8661047356982 428.3300397216236 1205.6908609024408
1155 -759.2227204151243 449.5847217116282 1214.9156708394976
1156 -1034.9932014275307 -830.9534423728547 1220.5391780724574
1157 0.4297824537076731 0.5756335535976878 1196.5494223118758
1158 -276.3234953039814 -451.2497230255088 1204.3743378043127
1159 -680.0820996185785 -427.3599332374343 1204.964383335335
1160 -759.2227204151243 449.5847217116282 1214.9156708394976
1161 -261.8661047356982 428.3300397216236 1205.6908609024408
1162 0.4297824537076731 0.5756335535976878 1196.5494223118758
1163 -1018.7972272583332 -9.386374054663484 1203.7007223788717
1164 -1034.9932014275307 -830.9534423728547 1220.5391780724574
1165 -276.3234953039814 -451.2497230255088 1204.3743378043127
1166 -261.8661047356982 428.3300397216236 1205.6908609024408
1167 -680.0820996185785 -427.3599332374343 1204.964383335335
1168 -759.2227204151243 449.5847217116282 1214.9156708394976
1169 -1034.9932014275307 -830.9534423728547 1220.5391780724574
1170 0.4297824537076731 0.5756335535976878 1196.5494223118758
1171 -1018.7972272583332 -9.386374054663484 1203.7007223788717
1172 0.4297824537076731 0.5756335535976878 1196.5494223118758
1173 -759.2227204151243 449.5847217116282 1214.9156708394976
1174 -276.3234953039814 -451.2497230255088 1204.3743378043127
1175 -261.8661047356982 428.3300397216236 1205.6908609024408
1176 -680.0820996185785 -427.3599332374343 1204.964383335335
1177 -1018.7972272583332 -9.386374054663484 1203.7007223788717
1178 -1034.9932014275307 -830.9534423728547 1220.5391780724574
1179 0.4297824537076731 0.5756335535976878 1196.5494223118758
1180 -680.0820996185785 -427.3599332374343 1204.964383335335
1181 -276.3234953039814 -451.2497230255088 1204.3743378043127
1182 -261.8661047356982 428.3300397216236 1205.6908609024408
1183 -759.2227204151243 449.5847217116282 1214.9156708394976
1184 -1018.7972272583332 -9.386374054663484 1203.7007223788717
1185 -1034.9932014275307 -830.9534423728547 1220.5391780724574
