0   8  1.84894e+36  0.00000e+00  9.36401e+02  1.61538e+03  4.88264e+02  0.00000e+00
1   7  8.82294e+03  0.00000e+00  1.77157e+03  8.46932e+02  8.25205e+02  5.13939e+17
2   7  1.59104e+04  0.00000e+00  1.63914e+03  9.06759e+02  5.91179e+02  5.13939e+17
3   6  1.38957e+04  0.00000e+00  1.67861e+03  8.04832e+02  4.90406e+02  5.13939e+17
4   7  1.66708e+04  0.00000e+00  1.70490e+03  8.76801e+02  7.65664e+02  5.13939e+17
5   7  1.04001e+04  0.00000e+00  1.76257e+03  8.36251e+02  7.66865e+02  5.13939e+17
6   7  1.09795e+04  0.00000e+00  1.62782e+03  9.15058e+02  6.39422e+02  5.13939e+17
7   7  1.32225e+04  0.00000e+00  1.67355e+03  8.27408e+02  4.88921e+02  5.13939e+17
8   6  1.62245e+04  0.00000e+00  1.62131e+03  8.66536e+02  4.99323e+02  5.13939e+17
9   7  9.05130e+03  0.00000e+00  1.75133e+03  8.05524e+02  7.03273e+02  5.13939e+17
10   7  1.16931e+04  0.00000e+00  1.73124e+03  9.59287e+02  1.14086e+03  5.13939e+17
11   7  1.00141e+04  0.00000e+00  1.70797e+03  7.75342e+02  5.67171e+02  5.13939e+17
12   6  1.23521e+04  0.00000e+00  1.64541e+03  9.31686e+02  6.27601e+02  5.13939e+17
13   7  1.32225e+04  0.00000e+00  1.67355e+03  8.27408e+02  4.88921e+02  5.13939e+17
14   7  1.34547e+04  0.00000e+00  1.72819e+03  9.38059e+02  9.57922e+02  5.13939e+17
15   6  8.61098e+03  0.00000e+00  1.74141e+03  7.98937e+02  6.31262e+02  5.13939e+17
16   7  1.23607e+04  0.00000e+00  1.65040e+03  9.38015e+02  6.46760e+02  5.13939e+17
17   7  1.32225e+04  0.00000e+00  1.67355e+03  8.27408e+02  4.88921e+02  5.13939e+17
18   7  1.18758e+04  0.00000e+00  1.71625e+03  9.07404e+02  8.45375e+02  5.13939e+17
19   7  1.04001e+04  0.00000e+00  1.76257e+03  8.36251e+02  7.66865e+02  5.13939e+17
20   6  9.27142e+03  0.00000e+00  1.61352e+03  9.17201e+02  5.78769e+02  5.13939e+17
21   7  1.32225e+04  0.00000e+00  1.67355e+03  8.27408e+02  4.88921e+02  5.13939e+17
22   7  1.23607e+04  0.00000e+00  1.65040e+03  9.38015e+02  6.46760e+02  5.13939e+17
23   7  1.01722e+04  0.00000e+00  1.78099e+03  8.60006e+02  9.52429e+02  5.13939e+17
24   7  1.11105e+04  0.00000e+00  1.72858e+03  9.88847e+02  1.18395e+03  5.13939e+17
25   7  1.48289e+04  0.00000e+00  1.75508e+03  8.36756e+02  8.40711e+02  5.13939e+17
26   7  1.23607e+04  0.00000e+00  1.65040e+03  9.38015e+02  6.46760e+02  5.13939e+17
27   7  9.64307e+03  0.00000e+00  1.81658e+03  8.30049e+02  1.16726e+03  5.13939e+17
28   7  1.34547e+04  0.00000e+00  1.72819e+03  9.38059e+02  9.57922e+02  5.13939e+17
29   6  6.02448e+03  0.00000e+00  1.82598e+03  7.97296e+02  1.03147e+03  5.13939e+17
30   6  1.23521e+04  0.00000e+00  1.64541e+03  9.31686e+02  6.27601e+02  5.13939e+17
31   6  9.27354e+03  0.00000e+00  1.74589e+03  7.97193e+02  6.73198e+02  5.13939e+17
32   7  1.18758e+04  0.00000e+00  1.71625e+03  9.07404e+02  8.45375e+02  5.13939e+17
33   7  1.12482e+04  0.00000e+00  1.78406e+03  9.03695e+02  1.18330e+03  5.13939e+17
34   7  9.43251e+03  0.00000e+00  1.64248e+03  9.47865e+02  7.18771e+02  5.13939e+17
35   7  1.01722e+04  0.00000e+00  1.78099e+03  8.60006e+02  9.52429e+02  5.13939e+17
36   7  1.23607e+04  0.00000e+00  1.65040e+03  9.38015e+02  6.46760e+02  5.13939e+17
37   7  9.64307e+03  0.00000e+00  1.81658e+03  8.30049e+02  1.16726e+03  5.13939e+17
38   7  1.11105e+04  0.00000e+00  1.72858e+03  9.88847e+02  1.18395e+03  5.13939e+17
39   7  8.55685e+03  0.00000e+00  1.80317e+03  8.06861e+02  1.09239e+03  5.13939e+17
40   7  1.23607e+04  0.00000e+00  1.65040e+03  9.38015e+02  6.46760e+02  5.13939e+17
41   7  9.64307e+03  0.00000e+00  1.81658e+03  8.30049e+02  1.16726e+03  5.13939e+17
42   7  1.34547e+04  0.00000e+00  1.72819e+03  9.38059e+02  9.57922e+02  5.13939e+17
43   7  9.54933e+03  0.00000e+00  1.80253e+03  8.65911e+02  1.17201e+03  5.13939e+17
44   7  1.23607e+04  0.00000e+00  1.65040e+03  9.38015e+02  6.46760e+02  5.13939e+17
45   7  1.01722e+04  0.00000e+00  1.78099e+03  8.60006e+02  9.52429e+02  5.13939e+17
46   7  1.18758e+04  0.00000e+00  1.71625e+03  9.07404e+02  8.45375e+02  5.13939e+17
47   6  7.53138e+03  0.00000e+00  1.81409e+03  8.41958e+02  1.19179e+03  5.13939e+17
48   7  9.43251e+03  0.00000e+00  1.64248e+03  9.47865e+02  7.18771e+02  5.13939e+17
49   7  1.01722e+04  0.00000e+00  1.78099e+03  8.60006e+02  9.52429e+02  5.13939e+17
50   6  1.23521e+04  0.00000e+00  1.64541e+03  9.31686e+02  6.27601e+02  5.13939e+17
51   7  9.64307e+03  0.00000e+00  1.81658e+03  8.30049e+02  1.16726e+03  5.13939e+17
52   7  1.11105e+04  0.00000e+00  1.72858e+03  9.88847e+02  1.18395e+03  5.13939e+17
53   7  8.55685e+03  0.00000e+00  1.80317e+03  8.06861e+02  1.09239e+03  5.13939e+17
54   7  1.23607e+04  0.00000e+00  1.65040e+03  9.38015e+02  6.46760e+02  5.13939e+17
55   7  9.64307e+03  0.00000e+00  1.81658e+03  8.30049e+02  1.16726e+03  5.13939e+17
56   7  1.34547e+04  0.00000e+00  1.72819e+03  9.38059e+02  9.57922e+02  5.13939e+17
57   7  9.54933e+03  0.00000e+00  1.80253e+03  8.65911e+02  1.17201e+03  5.13939e+17
58   7  1.23607e+04  0.00000e+00  1.65040e+03  9.38015e+02  6.46760e+02  5.13939e+17
59   7  1.01722e+04  0.00000e+00  1.78099e+03  8.60006e+02  9.52429e+02  5.13939e+17
60   7  1.18758e+04  0.00000e+00  1.71625e+03  9.07404e+02  8.45375e+02  5.13939e+17
61   7  1.12482e+04  0.00000e+00  1.78406e+03  9.03695e+02  1.18330e+03  5.13939e+17
62   7  9.43251e+03  0.00000e+00  1.64248e+03  9.47865e+02  7.18771e+02  5.13939e+17
63   7  1.01722e+04  0.00000e+00  1.78099e+03  8.60006e+02  9.52429e+02  5.13939e+17
64   6  1.23521e+04  0.00000e+00  1.64541e+03  9.31686e+02  6.27601e+02  5.13939e+17
65   7  9.64307e+03  0.00000e+00  1.81658e+03  8.30049e+02  1.16726e+03  5.13939e+17
66   7  1.11105e+04  0.00000e+00  1.72858e+03  9.88847e+02  1.18395e+03  5.13939e+17
67   7  8.55685e+03  0.00000e+00  1.80317e+03  8.06861e+02  1.09239e+03  5.13939e+17
68   7  1.23607e+04  0.00000e+00  1.65040e+03  9.38015e+02  6.46760e+02  5.13939e+17
69   7  9.64307e+03  0.00000e+00  1.81658e+03  8.30049e+02  1.16726e+03  5.13939e+17
70   7  1.34547e+04  0.00000e+00  1.72819e+03  9.38059e+02  9.57922e+02  5.13939e+17
71   7  9.54933e+03  0.00000e+00  1.80253e+03  8.65911e+02  1.17201e+03  5.13939e+17
72   7  1.23607e+04  0.00000e+00  1.65040e+03  9.38015e+02  6.46760e+02  5.13939e+17
73   6  9.27354e+03  0.00000e+00  1.74589e+03  7.97193e+02  6.73198e+02  5.13939e+17
74   7  1.18758e+04  0.00000e+00  1.71625e+03  9.07404e+02  8.45375e+02  5.13939e+17
75   7  1.12482e+04  0.00000e+00  1.78406e+03  9.03695e+02  1.18330e+03  5.13939e+17
76   7  9.43251e+03  0.00000e+00  1.64248e+03  9.47865e+02  7.18771e+02  5.13939e+17
77   7  1.01722e+04  0.00000e+00  1.78099e+03  8.60006e+02  9.52429e+02  5.13939e+17
78   7  1.23607e+04  0.00000e+00  1.65040e+03  9.38015e+02  6.46760e+02  5.13939e+17
79   7  9.64307e+03  0.00000e+00  1.81658e+03  8.30049e+02  1.16726e+03  5.13939e+17
80   7  1.11105e+04  0.00000e+00  1.72858e+03  9.88847e+02  1.18395e+03  5.13939e+17
81   7  8.55685e+03  0.00000e+00  1.80317e+03  8.06861e+02  1.09239e+03  5.13939e+17
82   7  1.23607e+04  0.00000e+00  1.65040e+03  9.38015e+02  6.46760e+02  5.13939e+17
83   6  9.32547e+03  0.00000e+00  1.82025e+03  7.90937e+02  1.09638e+03  5.13939e+17
84   7  1.34547e+04  0.00000e+00  1.72819e+03  9.38059e+02  9.57922e+02  5.13939e+17
85   7  1.23666e+04  0.00000e+00  1.77850e+03  9.12966e+02  1.14644e+03  5.13939e+17
86   7  1.23607e+04  0.00000e+00  1.65040e+03  9.38015e+02  6.46760e+02  5.13939e+17
87   6  1.67941e+04  0.00000e+00  1.71519e+03  8.72765e+02  6.60574e+02  5.13939e+17
88   7  1.18758e+04  0.00000e+00  1.71625e+03  9.07404e+02  8.45375e+02  5.13939e+17
89   7  1.38708e+04  0.00000e+00  1.75984e+03  9.49995e+02  1.18334e+03  5.13939e+17
90   6  9.27142e+03  0.00000e+00  1.61352e+03  9.17201e+02  5.78769e+02  5.13939e+17
91   7  1.68604e+04  0.00000e+00  1.73711e+03  9.09295e+02  8.10479e+02  5.13939e+17
92   7  1.23607e+04  0.00000e+00  1.65040e+03  9.38015e+02  6.46760e+02  5.13939e+17
93   7  1.66311e+04  0.00000e+00  1.79351e+03  8.78593e+02  1.09826e+03  5.13939e+17
94   7  1.08393e+04  0.00000e+00  1.72818e+03  9.13288e+02  7.81566e+02  5.13939e+17
95   7  1.68604e+04  0.00000e+00  1.73711e+03  9.09295e+02  8.10479e+02  5.13939e+17
96   7  9.94719e+03  0.00000e+00  1.63532e+03  8.92716e+02  4.89816e+02  5.13939e+17
97   7  1.66311e+04  0.00000e+00  1.79351e+03  8.78593e+02  1.09826e+03  5.13939e+17
98   7  1.04001e+04  0.00000e+00  1.76257e+03  8.36251e+02  7.66865e+02  5.13939e+17
99   7  1.23666e+04  0.00000e+00  1.77850e+03  9.12966e+02  1.14644e+03  5.13939e+17
100   7  1.32225e+04  0.00000e+00  1.67355e+03  8.27408e+02  4.88921e+02  5.13939e+17
101   7  1.68604e+04  0.00000e+00  1.73711e+03  9.09295e+02  8.10479e+02  5.13939e+17
102   7  9.05130e+03  0.00000e+00  1.75133e+03  8.05524e+02  7.03273e+02  5.13939e+17
103   7  1.38708e+04  0.00000e+00  1.75984e+03  9.49995e+02  1.18334e+03  5.13939e+17
104   7  1.00141e+04  0.00000e+00  1.70797e+03  7.75342e+02  5.67171e+02  5.13939e+17
105   7  1.68604e+04  0.00000e+00  1.73711e+03  9.09295e+02  8.10479e+02  5.13939e+17
106   7  1.32225e+04  0.00000e+00  1.67355e+03  8.27408e+02  4.88921e+02  5.13939e+17
107   7  1.66311e+04  0.00000e+00  1.79351e+03  8.78593e+02  1.09826e+03  5.13939e+17
108   6  8.61098e+03  0.00000e+00  1.74141e+03  7.98937e+02  6.31262e+02  5.13939e+17
109   7  1.68604e+04  0.00000e+00  1.73711e+03  9.09295e+02  8.10479e+02  5.13939e+17
110   6  1.38957e+04  0.00000e+00  1.67861e+03  8.04832e+02  4.90406e+02  5.13939e+17
111   7  1.66311e+04  0.00000e+00  1.79351e+03  8.78593e+02  1.09826e+03  5.13939e+17
112   7  1.04001e+04  0.00000e+00  1.76257e+03  8.36251e+02  7.66865e+02  5.13939e+17
113   7  1.23666e+04  0.00000e+00  1.77850e+03  9.12966e+02  1.14644e+03  5.13939e+17
114   7  1.32225e+04  0.00000e+00  1.67355e+03  8.27408e+02  4.88921e+02  5.13939e+17
115   7  1.68604e+04  0.00000e+00  1.73711e+03  9.09295e+02  8.10479e+02  5.13939e+17
116   7  9.05130e+03  0.00000e+00  1.75133e+03  8.05524e+02  7.03273e+02  5.13939e+17
117   7  1.38708e+04  0.00000e+00  1.75984e+03  9.49995e+02  1.18334e+03  5.13939e+17
118   7  1.00141e+04  0.00000e+00  1.70797e+03  7.75342e+02  5.67171e+02  5.13939e+17
119   7  1.68604e+04  0.00000e+00  1.73711e+03  9.09295e+02  8.10479e+02  5.13939e+17
120   7  1.32225e+04  0.00000e+00  1.67355e+03  8.27408e+02  4.88921e+02  5.13939e+17
121   7  1.66311e+04  0.00000e+00  1.79351e+03  8.78593e+02  1.09826e+03  5.13939e+17
122   7  8.82294e+03  0.00000e+00  1.77157e+03  8.46932e+02  8.25205e+02  5.13939e+17
123   7  1.68604e+04  0.00000e+00  1.73711e+03  9.09295e+02  8.10479e+02  5.13939e+17
124   7  1.32225e+04  0.00000e+00  1.67355e+03  8.27408e+02  4.88921e+02  5.13939e+17
125   7  1.66311e+04  0.00000e+00  1.79351e+03  8.78593e+02  1.09826e+03  5.13939e+17
126   7  1.04001e+04  0.00000e+00  1.76257e+03  8.36251e+02  7.66865e+02  5.13939e+17
127   7  1.23666e+04  0.00000e+00  1.77850e+03  9.12966e+02  1.14644e+03  5.13939e+17
128   7  1.32225e+04  0.00000e+00  1.67355e+03  8.27408e+02  4.88921e+02  5.13939e+17
129   7  1.68604e+04  0.00000e+00  1.73711e+03  9.09295e+02  8.10479e+02  5.13939e+17
130   7  9.05130e+03  0.00000e+00  1.75133e+03  8.05524e+02  7.03273e+02  5.13939e+17
131   6  1.19556e+04  0.00000e+00  1.77930e+03  9.12750e+02  1.17388e+03  5.13939e+17
132   7  1.00141e+04  0.00000e+00  1.70797e+03  7.75342e+02  5.67171e+02  5.13939e+17
133   7  1.68604e+04  0.00000e+00  1.73711e+03  9.09295e+02  8.10479e+02  5.13939e+17
134   7  1.32225e+04  0.00000e+00  1.67355e+03  8.27408e+02  4.88921e+02  5.13939e+17
135   7  1.66708e+04  0.00000e+00  1.70490e+03  8.76801e+02  7.65664e+02  5.13939e+17
136   6  8.61098e+03  0.00000e+00  1.74141e+03  7.98937e+02  6.31262e+02  5.13939e+17
137   7  1.59104e+04  0.00000e+00  1.63914e+03  9.06759e+02  5.91179e+02  5.13939e+17
138   7  1.32225e+04  0.00000e+00  1.67355e+03  8.27408e+02  4.88921e+02  5.13939e+17
139   6  1.68076e+04  0.00000e+00  1.69375e+03  8.60811e+02  7.02294e+02  5.13939e+17
140   6  8.89836e+03  0.00000e+00  1.77761e+03  8.65118e+02  9.16608e+02  5.13939e+17
141   6  9.50657e+03  0.00000e+00  1.58186e+03  8.33984e+02  1.98823e+03  5.13939e+17
142   7  1.32225e+04  0.00000e+00  1.67355e+03  8.27408e+02  4.88921e+02  5.13939e+17
143   7  1.59104e+04  0.00000e+00  1.63914e+03  9.06759e+02  5.91179e+02  5.13939e+17
144   7  9.05130e+03  0.00000e+00  1.75133e+03  8.05524e+02  7.03273e+02  5.13939e+17
145   7  1.16931e+04  0.00000e+00  1.73124e+03  9.59287e+02  1.14086e+03  5.13939e+17
146   7  1.00141e+04  0.00000e+00  1.70797e+03  7.75342e+02  5.67171e+02  5.13939e+17
147   7  1.68604e+04  0.00000e+00  1.73711e+03  9.09295e+02  8.10479e+02  5.13939e+17
148   7  1.32225e+04  0.00000e+00  1.67355e+03  8.27408e+02  4.88921e+02  5.13939e+17
149   7  1.66708e+04  0.00000e+00  1.70490e+03  8.76801e+02  7.65664e+02  5.13939e+17
150   7  8.82294e+03  0.00000e+00  1.77157e+03  8.46932e+02  8.25205e+02  5.13939e+17
151   7  1.68604e+04  0.00000e+00  1.73711e+03  9.09295e+02  8.10479e+02  5.13939e+17
152   7  1.32225e+04  0.00000e+00  1.67355e+03  8.27408e+02  4.88921e+02  5.13939e+17
153   7  1.66708e+04  0.00000e+00  1.70490e+03  8.76801e+02  7.65664e+02  5.13939e+17
154   6  8.89836e+03  0.00000e+00  1.77761e+03  8.65118e+02  9.16608e+02  5.13939e+17
155   7  1.09795e+04  0.00000e+00  1.62782e+03  9.15058e+02  6.39422e+02  5.13939e+17
156   7  1.32225e+04  0.00000e+00  1.67355e+03  8.27408e+02  4.88921e+02  5.13939e+17
157   6  1.62245e+04  0.00000e+00  1.62131e+03  8.66536e+02  4.99323e+02  5.13939e+17
158   7  9.05130e+03  0.00000e+00  1.75133e+03  8.05524e+02  7.03273e+02  5.13939e+17
159   7  1.11105e+04  0.00000e+00  1.72858e+03  9.88847e+02  1.18395e+03  5.13939e+17
160   6  1.01998e+04  0.00000e+00  1.69726e+03  7.23556e+02  4.96752e+02  5.13939e+17
161   7  1.59104e+04  0.00000e+00  1.63914e+03  9.06759e+02  5.91179e+02  5.13939e+17
162   7  1.32225e+04  0.00000e+00  1.67355e+03  8.27408e+02  4.88921e+02  5.13939e+17
163   7  1.34547e+04  0.00000e+00  1.72819e+03  9.38059e+02  9.57922e+02  5.13939e+17
164   7  8.82294e+03  0.00000e+00  1.77157e+03  8.46932e+02  8.25205e+02  5.13939e+17
165   7  1.23607e+04  0.00000e+00  1.65040e+03  9.38015e+02  6.46760e+02  5.13939e+17
166   7  1.32225e+04  0.00000e+00  1.67355e+03  8.27408e+02  4.88921e+02  5.13939e+17
167   7  1.04001e+04  0.00000e+00  1.76257e+03  8.36251e+02  7.66865e+02  5.13939e+17
168   7  9.43251e+03  0.00000e+00  1.64248e+03  9.47865e+02  7.18771e+02  5.13939e+17
169   7  1.32225e+04  0.00000e+00  1.67355e+03  8.27408e+02  4.88921e+02  5.13939e+17
170   7  1.23607e+04  0.00000e+00  1.65040e+03  9.38015e+02  6.46760e+02  5.13939e+17
171   7  9.05130e+03  0.00000e+00  1.75133e+03  8.05524e+02  7.03273e+02  5.13939e+17
172   7  3.30252e+04  0.00000e+00  1.75181e+03  8.05741e+02  7.03138e+02  5.13939e+17
