0 0 1714316877.4141908 274
1 0 1714316877.4141915 356
2 0 1714316877.414189 215
3 0 1714316877.414189 561
4 0 1714316877.4141934 163
5 0 1714316877.4141908 208
6 0 1714316877.4143882 220
7 1 1714316878.4141893 564
8 1 1714316878.4141908 212
9 1 1714316878.414192 237
10 1 1714316878.4141917 386
11 1 1714316878.414189 222
12 1 1714316878.4141934 154
13 1 1714316878.414191 288
14 2 1714316879.4141922 235
15 2 1714316879.4141893 568
16 2 1714316879.4141917 370
17 2 1714316879.414191 196
18 2 1714316879.4141893 209
19 2 1714316879.414191 287
20 2 1714316879.4141936 140
21 3 1714316880.4141893 222
22 3 1714316880.4141922 283
23 3 1714316880.414192 368
24 3 1714316880.4141896 556
25 3 1714316880.414191 235
26 3 1714316880.4141912 264
27 4 1714316881.4141896 233
28 4 1714316881.4141939 158
29 4 1714316881.414192 379
30 4 1714316881.4141912 210
31 4 1714316881.4141896 554
32 4 1714316881.4141924 218
33 4 1714316881.4141912 272
34 5 1714316882.4141896 229
35 5 1714316882.4141915 266
36 5 1714316882.4141939 156
37 5 1714316882.4141922 352
38 5 1714316882.4141898 595
39 5 1714316882.4141912 229
40 5 1714316882.4141924 216
41 6 1714316883.4141898 210
42 6 1714316883.4141915 271
43 6 1714316883.414194 169
44 6 1714316883.4141927 246
45 6 1714316883.4141922 383
46 6 1714316883.4141915 221
47 6 1714316883.4141898 545
48 7 1714316884.4141927 230
49 7 1714316884.41419 566
50 7 1714316884.4141915 215
51 7 1714316884.4141924 354
52 7 1714316884.4141898 219
53 7 1714316884.414194 147
54 7 1714316884.4141917 278
55 8 1714316885.41419 556
56 8 1714316885.4141917 202
57 8 1714316885.41419 220
58 8 1714316885.414193 247
59 8 1714316885.4141924 371
60 8 1714316885.4141917 284
61 9 1714316886.4141903 562
62 9 1714316886.4141917 231
63 9 1714316886.414193 230
64 9 1714316886.4141927 360
65 9 1714316886.41419 215
66 9 1714316886.4141943 154
67 9 1714316886.414192 298
68 10 1714316887.4141946 143
69 10 1714316887.414192 216
70 10 1714316887.4141932 256
71 10 1714316887.4141903 560
72 10 1714316887.4141927 370
73 10 1714316887.4141903 218
74 10 1714316887.414192 268
75 11 1714316888.4141903 219
76 11 1714316888.4141922 275
77 11 1714316888.4141946 147
78 11 1714316888.4141905 551
79 11 1714316888.414193 378
80 11 1714316888.414192 214
81 11 1714316888.4141932 229
82 12 1714316889.4141932 383
83 12 1714316889.4141905 246
84 12 1714316889.4141934 280
85 12 1714316889.4141922 226
86 12 1714316889.4141922 267
87 12 1714316889.4141905 553
88 13 1714316890.4141932 374
89 13 1714316890.4141922 239
90 13 1714316890.4141905 225
91 13 1714316890.4141948 134
92 13 1714316890.4141908 570
93 13 1714316890.4141934 218
94 13 1714316890.4141924 269
95 14 1714316891.4141908 536
96 14 1714316891.4141934 354
97 14 1714316891.4141908 228
98 14 1714316891.414195 146
99 14 1714316891.4141924 221
100 14 1714316891.4141936 241
101 14 1714316891.4141924 265
102 15 1714316892.414191 552
103 15 1714316892.4141936 218
104 15 1714316892.4141908 241
105 15 1714316892.4141934 384
106 15 1714316892.4141924 227
107 15 1714316892.4141927 280
108 16 1714316893.4141939 245
109 16 1714316893.4141927 276
110 16 1714316893.414191 540
111 16 1714316893.4141953 160
112 16 1714316893.414191 218
113 16 1714316893.4141936 350
114 16 1714316893.4141927 253
115 17 1714316894.414193 281
116 17 1714316894.4141927 212
117 17 1714316894.414191 205
118 17 1714316894.4141939 232
119 17 1714316894.4141912 559
120 17 1714316894.4141953 132
121 17 1714316894.4141936 363
122 18 1714316895.414193 272
123 18 1714316895.4141955 156
124 18 1714316895.4141939 359
125 18 1714316895.414193 206
126 18 1714316895.414194 235
127 18 1714316895.4141912 216
128 18 1714316895.4141912 536
129 19 1714316896.4141939 398
130 19 1714316896.414193 224
131 19 1714316896.4141932 292
132 19 1714316896.4141912 218
133 19 1714316896.4141955 156
134 19 1714316896.414194 230
135 19 1714316896.4141915 533
136 20 1714316897.4141943 246
137 20 1714316897.414194 361
138 20 1714316897.4141915 563
139 20 1714316897.4141932 216
140 20 1714316897.4141915 220
141 20 1714316897.4141932 273
142 21 1714316898.4141917 586
143 21 1714316898.4141943 230
144 21 1714316898.4141958 159
145 21 1714316898.414194 382
146 21 1714316898.4141915 227
147 21 1714316898.4141932 204
148 21 1714316898.4141934 260
149 22 1714316899.4141934 235
150 22 1714316899.4141917 221
151 22 1714316899.4141934 270
152 22 1714316899.414196 142
153 22 1714316899.4141946 220
154 22 1714316899.4141943 388
155 22 1714316899.4141917 573
156 23 1714316900.4141936 287
157 23 1714316900.4141934 214
158 23 1714316900.4141917 254
159 23 1714316900.4141943 347
160 23 1714316900.4141963 158
161 23 1714316900.4141946 230
162 23 1714316900.414192 578
163 24 1714316901.4141936 249
164 24 1714316901.4141936 217
165 24 1714316901.414192 230
166 24 1714316901.4141948 229
167 24 1714316901.4141946 355
168 24 1714316901.414192 557
169 24 1714316901.4141963 144
170 25 1714316902.4141946 362
171 25 1714316902.4141948 211
172 25 1714316902.4141922 596
173 25 1714316902.4141936 212
174 25 1714316902.4141965 132
175 25 1714316902.414192 254
176 25 1714316902.4141939 292
177 26 1714316903.414195 250
178 26 1714316903.4141965 176
179 26 1714316903.4141939 236
180 26 1714316903.4141922 275
181 26 1714316903.4141948 368
182 26 1714316903.4141922 551
183 26 1714316903.4141939 280
184 27 1714316904.4141924 536
185 27 1714316904.4141967 144
186 27 1714316904.4141953 236
187 27 1714316904.4141948 380
188 27 1714316904.414194 283
189 27 1714316904.4141939 228
190 27 1714316904.4141922 227
191 28 1714316905.4141924 220
192 28 1714316905.4141924 598
193 28 1714316905.414194 230
194 28 1714316905.414195 366
195 28 1714316905.4141967 135
196 28 1714316905.4141953 225
197 28 1714316905.414194 281
198 29 1714316906.4141927 553
199 29 1714316906.4141924 283
200 29 1714316906.4141943 297
201 29 1714316906.414195 366
202 29 1714316906.4141955 234
203 29 1714316906.414194 218
204 30 1714316907.4141953 402
205 30 1714316907.4141927 563
206 30 1714316907.4141943 228
207 30 1714316907.4141927 248
208 30 1714316907.4141955 219
209 30 1714316907.4141943 286
210 31 1714316908.4141958 238
211 31 1714316908.4141953 376
212 31 1714316908.414193 577
213 31 1714316908.4141943 319
214 31 1714316908.4141927 272
215 31 1714316908.4141946 319
216 32 1714316909.4141972 143
217 32 1714316909.4141958 219
218 32 1714316909.4141955 365
219 32 1714316909.414193 569
220 32 1714316909.4141946 197
221 32 1714316909.414193 271
222 32 1714316909.4141946 282
223 33 1714316910.4141946 254
224 33 1714316910.414196 253
225 33 1714316910.4141955 362
226 33 1714316910.4141932 571
227 33 1714316910.4141974 160
228 33 1714316910.414193 271
229 33 1714316910.4141948 279
230 34 1714316911.4141958 382
231 34 1714316911.4141932 231
232 34 1714316911.4141932 540
233 34 1714316911.4141948 308
234 34 1714316911.4141974 160
235 34 1714316911.4141948 217
236 34 1714316911.414196 221
237 35 1714316912.4141958 369
238 35 1714316912.4141934 547
239 35 1714316912.414195 271
240 35 1714316912.4141932 236
241 35 1714316912.4141948 205
242 35 1714316912.4141963 234
243 35 1714316912.4141977 145
244 36 1714316913.414196 361
245 36 1714316913.414195 258
246 36 1714316913.4141934 591
247 36 1714316913.414195 216
248 36 1714316913.4141963 239
249 36 1714316913.4141934 212
250 36 1714316913.4141977 168
251 37 1714316914.414196 378
252 37 1714316914.4141936 558
253 37 1714316914.4141953 268
254 37 1714316914.414198 137
255 37 1714316914.4141965 239
256 37 1714316914.4141934 230
257 37 1714316914.414195 197
258 38 1714316915.4141963 352
259 38 1714316915.4141953 258
260 38 1714316915.4141936 567
261 38 1714316915.4141953 266
262 38 1714316915.414198 150
263 38 1714316915.4141936 234
264 38 1714316915.4141965 250
265 39 1714316916.4141963 363
266 39 1714316916.4141939 530
267 39 1714316916.4141936 223
268 39 1714316916.4141955 272
269 39 1714316916.4141967 217
270 39 1714316916.4141953 219
271 39 1714316916.4141982 152
272 40 1714316917.4141939 204
273 40 1714316917.4141939 549
274 40 1714316917.4141965 371
275 40 1714316917.4141955 286
276 40 1714316917.4141955 232
277 40 1714316917.4141967 205
278 40 1714316917.4141982 143
279 41 1714316918.4141939 229
280 41 1714316918.4141958 288
281 41 1714316918.414194 552
282 41 1714316918.4141965 370
283 41 1714316918.4141955 228
284 41 1714316918.4141984 149
285 41 1714316918.414197 237
286 42 1714316919.414194 230
287 42 1714316919.4141984 155
288 42 1714316919.4141967 364
289 42 1714316919.4141958 266
290 42 1714316919.414194 550
291 42 1714316919.4141958 223
292 42 1714316919.414197 223
293 43 1714316920.414194 217
294 43 1714316920.4141943 573
295 43 1714316920.4141967 363
296 43 1714316920.4141986 151
297 43 1714316920.414196 282
298 43 1714316920.4141958 209
299 43 1714316920.4141972 241
300 44 1714316921.4141943 574
301 44 1714316921.414197 374
302 44 1714316921.414196 284
303 44 1714316921.4141943 236
304 44 1714316921.4141986 162
305 44 1714316921.414196 214
306 44 1714316921.4141972 252
307 45 1714316922.4141963 287
308 45 1714316922.4141946 561
309 45 1714316922.4141974 238
310 45 1714316922.414197 356
311 45 1714316922.4141989 149
312 45 1714316922.4141943 231
313 45 1714316922.414196 209
314 46 1714316923.4141963 279
315 46 1714316923.4141972 354
316 46 1714316923.4141946 573
317 46 1714316923.4141963 202
318 46 1714316923.4141974 238
319 46 1714316923.4141989 141
320 46 1714316923.4141946 228
321 47 1714316924.4141948 562
322 47 1714316924.4141965 282
323 47 1714316924.4141972 404
324 47 1714316924.4141946 246
325 47 1714316924.4141963 212
326 47 1714316924.4141977 246
327 48 1714316925.414199 145
328 48 1714316925.4141974 367
329 48 1714316925.4141948 564
330 48 1714316925.4141965 277
331 48 1714316925.4141977 243
332 48 1714316925.4141948 208
333 48 1714316925.4141965 224
334 49 1714316926.414195 542
335 49 1714316926.4141948 219
336 49 1714316926.4141967 283
337 49 1714316926.4141974 374
338 49 1714316926.4141994 149
339 49 1714316926.4141965 214
340 49 1714316926.414198 228
341 50 1714316927.414195 234
342 50 1714316927.414198 232
343 50 1714316927.4141977 370
344 50 1714316927.4141967 278
345 50 1714316927.414195 580
346 50 1714316927.4141967 219
347 51 1714316928.4141982 232
348 51 1714316928.4141953 554
349 51 1714316928.4141977 366
350 51 1714316928.414197 269
351 51 1714316928.414195 214
352 51 1714316928.4141996 139
353 51 1714316928.4141967 224
354 52 1714316929.414198 334
355 52 1714316929.4141982 213
356 52 1714316929.4141953 544
357 52 1714316929.414197 276
358 52 1714316929.4141953 222
359 52 1714316929.414197 221
360 52 1714316929.4141996 137
361 53 1714316930.4141972 286
362 53 1714316930.414198 333
363 53 1714316930.4141955 553
364 53 1714316930.4141998 137
365 53 1714316930.4141984 229
366 53 1714316930.4141953 216
367 53 1714316930.414197 227
368 54 1714316931.4141972 272
369 54 1714316931.4141982 351
370 54 1714316931.4141955 576
371 54 1714316931.4141998 149
372 54 1714316931.4141972 248
373 54 1714316931.4141955 208
374 54 1714316931.4141984 231
375 55 1714316932.4141974 262
376 55 1714316932.4141955 224
377 55 1714316932.4141982 386
378 55 1714316932.4141958 577
379 55 1714316932.4141986 233
380 55 1714316932.4142 148
381 55 1714316932.4141972 225
382 56 1714316933.4141974 297
383 56 1714316933.4141984 378
384 56 1714316933.4141958 550
385 56 1714316933.4141958 229
386 56 1714316933.4142 162
387 56 1714316933.4141974 201
388 56 1714316933.4141986 224
389 57 1714316934.4141989 235
390 57 1714316934.414196 583
391 57 1714316934.4141984 365
392 57 1714316934.4141977 292
393 57 1714316934.4142003 139
394 57 1714316934.4141974 215
395 57 1714316934.4141958 226
396 58 1714316935.4141989 233
397 58 1714316935.4141986 369
398 58 1714316935.4141977 290
399 58 1714316935.414196 582
400 58 1714316935.414196 218
401 58 1714316935.4142003 163
402 58 1714316935.4141977 222
403 59 1714316936.4141986 382
404 59 1714316936.4142005 160
405 59 1714316936.4141963 545
406 59 1714316936.4141977 228
407 59 1714316936.414198 270
408 59 1714316936.414199 243
409 59 1714316936.414196 250
410 60 1714316937.414198 264
411 60 1714316937.4141989 419
412 60 1714316937.4141963 536
413 60 1714316937.414198 218
414 60 1714316937.414199 237
415 60 1714316937.4141963 229
416 60 1714316937.4142005 144
417 61 1714316938.4141965 537
418 61 1714316938.4141989 348
419 61 1714316938.4141982 251
420 61 1714316938.4141963 226
421 61 1714316938.4141994 233
422 61 1714316938.4142008 146
423 61 1714316938.414198 201
424 62 1714316939.4141965 570
425 62 1714316939.414199 381
426 62 1714316939.4142008 156
427 62 1714316939.4141982 223
428 62 1714316939.4141982 259
429 62 1714316939.4141965 208
430 62 1714316939.4141994 230
431 63 1714316940.4141967 553
432 63 1714316940.414199 354
433 63 1714316940.4141984 277
434 63 1714316940.414201 139
435 63 1714316940.4141982 221
436 63 1714316940.4141996 217
437 63 1714316940.4141965 221
438 64 1714316941.4141994 380
439 64 1714316941.4141984 269
440 64 1714316941.4141967 554
441 64 1714316941.4141984 210
442 64 1714316941.4141996 247
443 64 1714316941.4141967 238
444 65 1714316942.4141967 215
445 65 1714316942.4141986 287
446 65 1714316942.4141994 377
447 65 1714316942.414197 555
448 65 1714316942.4141998 217
449 65 1714316942.4142013 152
450 65 1714316942.4141984 214
451 66 1714316943.4141996 382
452 66 1714316943.414197 546
453 66 1714316943.414197 250
454 66 1714316943.4141986 271
455 66 1714316943.4141998 235
456 66 1714316943.4142013 139
457 66 1714316943.4141986 212
458 67 1714316944.4141972 553
459 67 1714316944.4141989 301
460 67 1714316944.4141996 384
461 67 1714316944.4142 249
462 67 1714316944.4142015 145
463 67 1714316944.414197 215
464 67 1714316944.4141986 234
465 68 1714316945.4141972 581
466 68 1714316945.4141998 359
467 68 1714316945.4141989 299
468 68 1714316945.4142 218
469 68 1714316945.4142015 149
470 68 1714316945.4141972 213
471 68 1714316945.4141989 202
472 69 1714316946.4141998 359
473 69 1714316946.4141989 220
474 69 1714316946.414199 277
475 69 1714316946.4141974 581
476 69 1714316946.4141972 218
477 69 1714316946.4142017 134
478 69 1714316946.4142003 232
479 70 1714316947.4142 392
480 70 1714316947.4142017 152
481 70 1714316947.414199 256
482 70 1714316947.4141974 559
483 70 1714316947.4141974 222
484 70 1714316947.4142003 251
485 70 1714316947.414199 220
486 71 1714316948.4142 365
487 71 1714316948.4141994 280
488 71 1714316948.4141977 555
489 71 1714316948.4141974 208
490 71 1714316948.414199 227
491 71 1714316948.414202 152
492 71 1714316948.4142005 251
493 72 1714316949.4141994 305
494 72 1714316949.4141977 536
495 72 1714316949.4142003 365
496 72 1714316949.4141977 228
497 72 1714316949.414202 134
498 72 1714316949.4141994 222
499 72 1714316949.4142005 243
500 73 1714316950.414198 540
501 73 1714316950.4142003 386
502 73 1714316950.4141996 269
503 73 1714316950.4142008 244
504 73 1714316950.4141994 213
505 73 1714316950.4141977 223
506 74 1714316951.4141996 278
507 74 1714316951.4142008 239
508 74 1714316951.4142005 373
509 74 1714316951.414198 569
510 74 1714316951.414198 241
511 74 1714316951.4142022 150
512 74 1714316951.4141996 225
513 75 1714316952.4141996 204
514 75 1714316952.4142025 153
515 75 1714316952.4142005 389
516 75 1714316952.414201 229
517 75 1714316952.4141998 277
518 75 1714316952.4141982 532
519 75 1714316952.414198 208
520 76 1714316953.4141998 216
521 76 1714316953.4142008 343
522 76 1714316953.4141982 567
523 76 1714316953.4141982 216
524 76 1714316953.414201 235
525 76 1714316953.4141998 271
526 76 1714316953.4142025 146
527 77 1714316954.4141998 218
528 77 1714316954.4142 265
529 77 1714316954.4142008 369
530 77 1714316954.4141982 230
531 77 1714316954.4141984 527
532 77 1714316954.4142027 145
533 77 1714316954.4142013 232
534 78 1714316955.4142 283
535 78 1714316955.4142 224
536 78 1714316955.414201 393
537 78 1714316955.4141984 557
538 78 1714316955.4141984 233
539 78 1714316955.4142013 227
540 78 1714316955.4142027 139
541 79 1714316956.4141986 531
542 79 1714316956.4142003 266
543 79 1714316956.414201 386
544 79 1714316956.4142 203
545 79 1714316956.4141984 217
546 79 1714316956.4142015 226
547 79 1714316956.414203 142
548 80 1714316957.4141986 524
549 80 1714316957.4142003 279
550 80 1714316957.4142003 218
551 80 1714316957.4142013 359
552 80 1714316957.414203 153
553 80 1714316957.4141986 223
554 80 1714316957.4142015 222
555 81 1714316958.4142013 353
556 81 1714316958.4142003 224
557 81 1714316958.4142005 291
558 81 1714316958.4142017 218
559 81 1714316958.4142032 136
560 81 1714316958.4141989 595
561 81 1714316958.4141986 219
562 82 1714316959.4141989 212
563 82 1714316959.4142005 230
564 82 1714316959.4141989 534
565 82 1714316959.4142015 367
566 82 1714316959.4142005 269
567 82 1714316959.4142032 143
568 82 1714316959.4142017 221
569 83 1714316960.4141989 249
570 83 1714316960.414199 542
571 83 1714316960.4142008 284
572 83 1714316960.4142005 207
573 83 1714316960.4142015 362
574 83 1714316960.414202 231
575 84 1714316961.414199 221
576 84 1714316961.4142008 284
577 84 1714316961.4142017 361
578 84 1714316961.414199 597
579 84 1714316961.4142008 216
580 84 1714316961.414202 223
581 84 1714316961.4142034 157
582 85 1714316962.4141994 537
583 85 1714316962.414199 229
584 85 1714316962.414201 210
585 85 1714316962.4142017 362
586 85 1714316962.414201 285
587 85 1714316962.4142036 134
588 85 1714316962.4142022 218
589 86 1714316963.414201 275
590 86 1714316963.4141994 214
591 86 1714316963.414202 405
592 86 1714316963.4142036 159
593 86 1714316963.4142022 213
594 86 1714316963.4141994 543
595 86 1714316963.414201 223
596 87 1714316964.4141994 226
597 87 1714316964.4142013 218
598 87 1714316964.414202 371
599 87 1714316964.4141996 560
600 87 1714316964.4142013 291
601 87 1714316964.4142025 225
602 88 1714316965.4141996 217
603 88 1714316965.4142013 226
604 88 1714316965.4142022 360
605 88 1714316965.4141996 548
606 88 1714316965.4142013 266
607 88 1714316965.414204 143
608 88 1714316965.4142025 251
609 89 1714316966.4141996 223
610 89 1714316966.4142015 215
611 89 1714316966.4142022 399
612 89 1714316966.4142015 275
613 89 1714316966.4141998 583
614 89 1714316966.4142027 227
615 89 1714316966.4142041 130
616 90 1714316967.4141998 228
617 90 1714316967.4141998 534
618 90 1714316967.4142015 276
619 90 1714316967.4142015 200
620 90 1714316967.4142025 378
621 90 1714316967.4142027 225
622 91 1714316968.4141998 230
623 91 1714316968.4142017 272
624 91 1714316968.4142017 228
625 91 1714316968.4142 565
626 91 1714316968.4142025 394
627 91 1714316968.414203 243
628 91 1714316968.4142044 155
629 92 1714316969.4142017 227
630 92 1714316969.4142 226
631 92 1714316969.4142 557
632 92 1714316969.4142027 379
633 92 1714316969.4142017 257
634 92 1714316969.4142044 130
635 92 1714316969.414203 228
636 93 1714316970.4142003 580
637 93 1714316970.414202 218
638 93 1714316970.4142027 388
639 93 1714316970.4142 214
640 93 1714316970.414202 312
641 93 1714316970.4142046 140
642 93 1714316970.4142032 242
643 94 1714316971.4142005 553
644 94 1714316971.414202 268
645 94 1714316971.414202 213
646 94 1714316971.414203 362
647 94 1714316971.4142032 226
648 94 1714316971.4142046 170
649 94 1714316971.4142003 240
650 95 1714316972.4142022 291
651 95 1714316972.414203 373
652 95 1714316972.4142005 578
653 95 1714316972.4142022 244
654 95 1714316972.4142048 160
655 95 1714316972.4142003 219
656 95 1714316972.4142034 240
657 96 1714316973.4142008 562
658 96 1714316973.4142032 365
659 96 1714316973.4142034 233
660 96 1714316973.4142022 211
661 96 1714316973.4142022 260
662 96 1714316973.4142005 216
663 96 1714316973.4142048 131
664 97 1714316974.4142008 530
665 97 1714316974.4142025 201
666 97 1714316974.4142025 260
667 97 1714316974.4142032 382
668 97 1714316974.4142036 253
669 97 1714316974.4142005 235
670 97 1714316974.414205 138
671 98 1714316975.4142025 217
672 98 1714316975.4142008 218
673 98 1714316975.414201 560
674 98 1714316975.4142034 397
675 98 1714316975.4142027 275
676 98 1714316975.4142036 258
677 98 1714316975.414205 160
678 99 1714316976.4142008 208
679 99 1714316976.4142027 214
680 99 1714316976.4142034 360
681 99 1714316976.4142027 278
682 99 1714316976.414201 569
683 99 1714316976.414204 229
684 99 1714316976.4142053 158
685 100 1714316977.414203 272
686 100 1714316977.4142036 360
687 100 1714316977.4142013 531
688 100 1714316977.4142027 221
689 100 1714316977.4142053 152
690 100 1714316977.414204 232
691 100 1714316977.414201 224
692 101 1714316978.4142056 140
693 101 1714316978.4142036 350
694 101 1714316978.4142041 228
695 101 1714316978.414203 222
696 101 1714316978.4142013 580
697 101 1714316978.414203 280
698 101 1714316978.414201 223
699 102 1714316979.414203 232
700 102 1714316979.414204 357
701 102 1714316979.4142015 563
702 102 1714316979.4142032 278
703 102 1714316979.4142041 229
704 102 1714316979.4142013 232
705 102 1714316979.4142056 146
706 103 1714316980.4142015 549
707 103 1714316980.4142032 217
708 103 1714316980.4142032 270
709 103 1714316980.414204 363
710 103 1714316980.4142013 224
711 103 1714316980.4142044 238
712 103 1714316980.4142058 160
713 104 1714316981.4142041 361
714 104 1714316981.4142015 245
715 104 1714316981.4142032 234
716 104 1714316981.4142017 557
717 104 1714316981.4142034 259
718 104 1714316981.4142058 149
719 104 1714316981.4142044 245
720 105 1714316982.4142034 262
721 105 1714316982.4142034 246
722 105 1714316982.4142041 373
723 105 1714316982.4142017 560
724 105 1714316982.4142046 218
725 105 1714316982.4142015 228
726 105 1714316982.414206 141
727 106 1714316983.4142044 365
728 106 1714316983.414206 138
729 106 1714316983.4142034 215
730 106 1714316983.414202 570
731 106 1714316983.4142046 240
732 106 1714316983.4142036 279
733 106 1714316983.4142017 224
734 107 1714316984.4142063 141
735 107 1714316984.4142044 385
736 107 1714316984.4142036 226
737 107 1714316984.414202 569
738 107 1714316984.4142036 271
739 107 1714316984.4142048 223
740 107 1714316984.4142017 224
741 108 1714316985.4142022 545
742 108 1714316985.4142036 212
743 108 1714316985.4142046 374
744 108 1714316985.414204 293
745 108 1714316985.4142048 231
746 108 1714316985.414202 234
747 109 1714316986.414202 222
748 109 1714316986.4142065 158
749 109 1714316986.4142046 384
750 109 1714316986.414204 280
751 109 1714316986.4142022 574
752 109 1714316986.414204 214
753 109 1714316986.414205 240
754 110 1714316987.4142041 291
755 110 1714316987.4142022 221
756 110 1714316987.4142048 365
757 110 1714316987.414204 243
758 110 1714316987.4142025 566
759 110 1714316987.414205 236
760 111 1714316988.4142048 376
761 111 1714316988.4142041 274
762 111 1714316988.4142025 542
763 111 1714316988.4142041 224
764 111 1714316988.4142022 234
765 111 1714316988.4142053 218
766 111 1714316988.4142067 146
767 112 1714316989.4142041 228
768 112 1714316989.4142027 545
769 112 1714316989.4142044 281
770 112 1714316989.414205 371
771 112 1714316989.4142053 241
772 112 1714316989.4142025 216
773 112 1714316989.4142067 155
774 113 1714316990.4142027 557
775 113 1714316990.4142044 218
776 113 1714316990.414205 354
777 113 1714316990.4142044 287
778 113 1714316990.4142025 216
779 113 1714316990.4142056 230
780 113 1714316990.414207 151
781 114 1714316991.414203 575
782 114 1714316991.4142044 238
783 114 1714316991.4142046 297
784 114 1714316991.4142053 362
785 114 1714316991.414207 163
786 114 1714316991.4142027 222
787 114 1714316991.4142056 244
788 115 1714316992.4142046 270
789 115 1714316992.4142046 232
790 115 1714316992.4142053 347
791 115 1714316992.414203 548
792 115 1714316992.4142058 225
793 115 1714316992.4142072 133
794 115 1714316992.4142027 231
795 116 1714316993.4142056 362
796 116 1714316993.414203 212
797 116 1714316993.4142046 207
798 116 1714316993.4142032 573
799 116 1714316993.4142048 260
800 116 1714316993.4142072 143
801 116 1714316993.4142058 241
802 117 1714316994.4142056 366
803 117 1714316994.4142048 213
804 117 1714316994.4142048 311
805 117 1714316994.4142032 581
806 117 1714316994.414203 229
807 117 1714316994.414206 229
808 117 1714316994.4142075 151
809 118 1714316995.4142058 386
810 118 1714316995.4142048 220
811 118 1714316995.414205 305
812 118 1714316995.4142034 578
813 118 1714316995.414206 244
814 118 1714316995.4142075 162
815 118 1714316995.4142032 231
816 119 1714316996.4142034 559
817 119 1714316996.4142058 386
818 119 1714316996.414205 209
819 119 1714316996.414205 280
820 119 1714316996.4142077 144
821 119 1714316996.4142032 216
822 119 1714316996.4142063 217
823 120 1714316997.4142053 278
824 120 1714316997.4142036 539
825 120 1714316997.414206 376
826 120 1714316997.4142077 149
827 120 1714316997.4142063 225
828 120 1714316997.414205 225
829 120 1714316997.4142034 242
830 121 1714316998.4142053 282
831 121 1714316998.414206 369
832 121 1714316998.4142053 209
833 121 1714316998.4142036 587
834 121 1714316998.4142065 228
835 121 1714316998.4142034 231
836 121 1714316998.414208 146
837 122 1714316999.4142063 361
838 122 1714316999.414204 551
839 122 1714316999.4142053 218
840 122 1714316999.4142036 212
841 122 1714316999.4142056 280
842 122 1714316999.4142065 223
843 122 1714316999.414208 148
844 123 1714317000.4142063 364
845 123 1714317000.4142056 213
846 123 1714317000.4142056 275
847 123 1714317000.414204 541
848 123 1714317000.4142082 167
849 123 1714317000.4142036 216
850 123 1714317000.4142067 240
851 124 1714317001.4142056 203
852 124 1714317001.4142065 368
853 124 1714317001.4142041 560
854 124 1714317001.4142058 268
855 124 1714317001.4142067 240
856 124 1714317001.4142082 141
857 124 1714317001.414204 247
858 125 1714317002.4142041 566
859 125 1714317002.4142084 144
860 125 1714317002.4142058 290
861 125 1714317002.4142065 385
862 125 1714317002.4142058 201
863 125 1714317002.414207 242
864 125 1714317002.414204 213
865 126 1714317003.4142044 554
866 126 1714317003.414206 278
867 126 1714317003.4142067 369
868 126 1714317003.4142058 238
869 126 1714317003.4142084 154
870 126 1714317003.414207 226
871 126 1714317003.4142041 210
872 127 1714317004.414206 266
873 127 1714317004.4142067 359
874 127 1714317004.4142044 564
875 127 1714317004.414206 219
876 127 1714317004.4142041 212
877 127 1714317004.4142072 232
878 127 1714317004.4142087 157
879 128 1714317005.4142063 281
880 128 1714317005.414207 377
881 128 1714317005.414206 224
882 128 1714317005.4142046 558
883 128 1714317005.4142072 229
884 128 1714317005.4142087 159
885 128 1714317005.4142044 222
886 129 1714317006.414207 374
887 129 1714317006.4142063 231
888 129 1714317006.4142063 266
889 129 1714317006.4142046 562
890 129 1714317006.414209 154
891 129 1714317006.4142044 234
892 129 1714317006.4142075 255
893 130 1714317007.4142063 241
894 130 1714317007.4142072 384
895 130 1714317007.4142048 555
896 130 1714317007.4142065 303
897 130 1714317007.4142075 242
898 130 1714317007.4142046 244
899 130 1714317007.414209 148
900 131 1714317008.4142065 212
901 131 1714317008.4142048 535
902 131 1714317008.4142065 290
903 131 1714317008.4142072 374
904 131 1714317008.4142046 218
905 131 1714317008.4142077 230
906 132 1714317009.4142048 211
907 132 1714317009.4142091 139
908 132 1714317009.4142065 216
909 132 1714317009.4142075 377
910 132 1714317009.414205 560
911 132 1714317009.4142067 272
912 132 1714317009.4142077 233
913 133 1714317010.4142094 152
914 133 1714317010.4142048 220
915 133 1714317010.4142067 209
916 133 1714317010.4142075 359
917 133 1714317010.414205 566
918 133 1714317010.4142067 301
919 133 1714317010.414208 224
920 134 1714317011.414205 214
921 134 1714317011.4142094 134
922 134 1714317011.4142077 387
923 134 1714317011.4142053 541
924 134 1714317011.4142067 239
925 134 1714317011.414207 269
926 134 1714317011.414208 222
927 135 1714317012.4142077 362
928 135 1714317012.414207 232
929 135 1714317012.414207 259
930 135 1714317012.4142096 162
931 135 1714317012.4142053 584
932 135 1714317012.4142053 212
933 135 1714317012.4142082 243
934 136 1714317013.414207 216
935 136 1714317013.4142056 575
936 136 1714317013.414208 370
937 136 1714317013.4142072 293
938 136 1714317013.4142053 212
939 136 1714317013.4142082 246
940 137 1714317014.4142072 211
941 137 1714317014.4142056 555
942 137 1714317014.414208 375
943 137 1714317014.4142072 285
944 137 1714317014.4142084 235
945 137 1714317014.4142056 211
946 137 1714317014.4142098 129
947 138 1714317015.4142075 285
948 138 1714317015.4142072 215
949 138 1714317015.4142058 556
950 138 1714317015.4142082 397
951 138 1714317015.4142056 218
952 138 1714317015.4142098 152
953 138 1714317015.4142084 228
954 139 1714317016.4142075 270
955 139 1714317016.4142082 365
956 139 1714317016.4142058 531
957 139 1714317016.4142075 213
958 139 1714317016.4142087 219
959 139 1714317016.4142058 232
960 140 1714317017.4142087 212
961 140 1714317017.4142084 363
962 140 1714317017.414206 553
963 140 1714317017.4142058 234
964 140 1714317017.4142075 225
965 140 1714317017.4142077 255
966 141 1714317018.414206 557
967 141 1714317018.414206 224
968 141 1714317018.4142077 222
969 141 1714317018.4142084 389
970 141 1714317018.4142077 277
971 141 1714317018.414209 229
972 142 1714317019.4142063 547
973 142 1714317019.4142077 211
974 142 1714317019.4142087 355
975 142 1714317019.414208 259
976 142 1714317019.414209 266
977 142 1714317019.414206 221
978 142 1714317019.4142103 150
979 143 1714317020.414208 207
980 143 1714317020.4142063 562
981 143 1714317020.4142087 382
982 143 1714317020.414208 285
983 143 1714317020.4142091 231
984 143 1714317020.4142063 216
985 143 1714317020.4142106 132
986 144 1714317021.414208 221
987 144 1714317021.414209 367
988 144 1714317021.4142065 579
989 144 1714317021.4142082 268
990 144 1714317021.4142106 140
991 144 1714317021.4142063 229
992 144 1714317021.4142091 248
993 145 1714317022.4142082 285
994 145 1714317022.4142082 227
995 145 1714317022.414209 359
996 145 1714317022.4142065 555
997 145 1714317022.4142065 229
998 145 1714317022.4142094 262
999 145 1714317022.4142108 133
1000 146 1714317023.4142084 277
1001 146 1714317023.4142065 214
1002 146 1714317023.4142067 560
1003 146 1714317023.4142091 379
1004 146 1714317023.4142082 229
1005 146 1714317023.4142094 243
1006 146 1714317023.4142108 157
1007 147 1714317024.4142067 552
1008 147 1714317024.4142084 283
1009 147 1714317024.4142091 367
1010 147 1714317024.4142084 212
1011 147 1714317024.414211 158
1012 147 1714317024.4142065 214
1013 147 1714317024.4142096 236
1014 148 1714317025.4142084 229
1015 148 1714317025.414207 552
1016 148 1714317025.4142094 399
1017 148 1714317025.4142087 281
1018 148 1714317025.4142067 224
1019 148 1714317025.414211 143
1020 148 1714317025.4142096 240
1021 149 1714317026.4142094 410
1022 149 1714317026.4142087 210
1023 149 1714317026.4142087 285
1024 149 1714317026.414207 543
1025 149 1714317026.4142098 223
1026 149 1714317026.414207 231
1027 149 1714317026.4142113 124
1028 150 1714317027.4142087 227
1029 150 1714317027.4142096 363
1030 150 1714317027.414209 269
1031 150 1714317027.4142072 547
1032 150 1714317027.414207 226
1033 150 1714317027.4142098 259
1034 150 1714317027.4142113 134
1035 151 1714317028.414209 274
1036 151 1714317028.414207 216
1037 151 1714317028.41421 219
1038 151 1714317028.414209 223
1039 151 1714317028.4142096 368
1040 151 1714317028.4142072 542
1041 151 1714317028.4142115 154
1042 152 1714317029.4142091 282
1043 152 1714317029.4142098 372
1044 152 1714317029.4142115 152
1045 152 1714317029.4142075 559
1046 152 1714317029.414209 222
1047 152 1714317029.4142072 222
1048 152 1714317029.41421 243
1049 153 1714317030.4142091 271
1050 153 1714317030.4142091 208
1051 153 1714317030.4142098 363
1052 153 1714317030.4142075 548
1053 153 1714317030.4142118 184
1054 153 1714317030.4142075 230
1055 153 1714317030.4142103 230
1056 154 1714317031.4142077 569
1057 154 1714317031.4142091 223
1058 154 1714317031.4142094 270
1059 154 1714317031.41421 370
1060 154 1714317031.4142103 253
1061 154 1714317031.4142075 226
1062 155 1714317032.41421 370
1063 155 1714317032.4142077 541
1064 155 1714317032.4142094 272
1065 155 1714317032.4142094 237
1066 155 1714317032.414212 143
1067 155 1714317032.4142077 233
1068 155 1714317032.4142106 241
1069 156 1714317033.4142094 233
1070 156 1714317033.4142077 214
1071 156 1714317033.4142103 388
1072 156 1714317033.414208 539
1073 156 1714317033.4142096 260
1074 156 1714317033.414212 132
1075 156 1714317033.4142106 246
1076 157 1714317034.414208 559
1077 157 1714317034.4142096 215
1078 157 1714317034.4142103 380
1079 157 1714317034.4142108 230
1080 157 1714317034.4142096 284
1081 157 1714317034.414208 225
1082 158 1714317035.4142082 536
1083 158 1714317035.4142096 199
1084 158 1714317035.4142106 398
1085 158 1714317035.4142098 304
1086 158 1714317035.4142108 249
1087 158 1714317035.4142122 161
1088 158 1714317035.414208 219
1089 159 1714317036.4142125 124
1090 159 1714317036.4142098 226
1091 159 1714317036.4142108 367
1092 159 1714317036.4142082 530
1093 159 1714317036.4142098 270
1094 159 1714317036.4142082 235
1095 159 1714317036.414211 243
1096 160 1714317037.4142098 207
1097 160 1714317037.4142108 383
1098 160 1714317037.41421 305
1099 160 1714317037.4142084 578
1100 160 1714317037.414211 258
1101 160 1714317037.4142082 223
1102 161 1714317038.41421 279
1103 161 1714317038.4142108 361
1104 161 1714317038.41421 227
1105 161 1714317038.4142084 553
1106 161 1714317038.4142127 158
1107 161 1714317038.4142084 217
1108 161 1714317038.4142113 235
1109 162 1714317039.414211 353
1110 162 1714317039.41421 225
1111 162 1714317039.4142087 600
1112 162 1714317039.4142103 291
1113 162 1714317039.4142084 225
1114 162 1714317039.4142113 252
1115 162 1714317039.4142127 135
1116 163 1714317040.4142113 358
1117 163 1714317040.4142087 568
1118 163 1714317040.4142103 204
1119 163 1714317040.4142103 276
1120 163 1714317040.4142087 232
1121 163 1714317040.414213 144
1122 163 1714317040.4142115 244
1123 164 1714317041.4142113 363
1124 164 1714317041.4142115 231
1125 164 1714317041.414213 142
1126 164 1714317041.4142103 230
1127 164 1714317041.414209 562
1128 164 1714317041.4142106 272
1129 164 1714317041.4142087 212
1130 165 1714317042.4142115 350
1131 165 1714317042.4142106 207
1132 165 1714317042.414209 548
1133 165 1714317042.4142106 281
1134 165 1714317042.414209 229
1135 165 1714317042.4142132 133
1136 165 1714317042.4142118 251
1137 166 1714317043.4142091 566
1138 166 1714317043.4142108 267
1139 166 1714317043.4142115 387
1140 166 1714317043.4142106 214
1141 166 1714317043.414209 234
1142 166 1714317043.4142132 137
1143 166 1714317043.4142118 232
1144 167 1714317045.4142094 585
1145 167 1714317045.4142118 369
1146 167 1714317045.4142108 206
1147 167 1714317045.414211 302
1148 167 1714317045.414212 235
1149 167 1714317045.4142091 222
1150 167 1714317045.4142134 135
1151 168 1714317046.414211 223
1152 168 1714317046.4142122 227
1153 168 1714317046.414212 362
1154 168 1714317046.4142094 559
1155 168 1714317046.414211 258
1156 168 1714317046.4142137 132
1157 168 1714317046.4142094 211
1158 169 1714317047.414211 218
1159 169 1714317047.414212 365
1160 169 1714317047.4142113 272
1161 169 1714317047.4142096 538
1162 169 1714317047.4142094 212
1163 169 1714317047.4142122 232
1164 169 1714317047.4142137 174
1165 170 1714317048.4142113 219
1166 170 1714317048.4142096 584
1167 170 1714317048.4142122 361
1168 170 1714317048.4142113 299
1169 170 1714317048.414214 149
1170 170 1714317048.4142096 216
1171 170 1714317048.4142125 235
1172 171 1714317049.4142096 209
1173 171 1714317049.4142115 270
1174 171 1714317049.4142113 234
1175 171 1714317049.4142098 546
1176 171 1714317049.4142122 377
1177 171 1714317049.4142125 240
1178 171 1714317049.414214 139
1179 172 1714317050.4142098 230
1180 172 1714317050.4142125 384
1181 172 1714317050.4142115 199
1182 172 1714317050.4142098 548
1183 172 1714317050.4142115 274
1184 172 1714317050.4142127 229
1185 172 1714317050.4142141 146
