0   8  7.00000e+01  1.82302e-01  2.40000e+02 2.05544078e-01  2.05437e+35          inf 
1   7  7.80532e+01  8.10542e-01  2.05451e+02 1.84855631e-01  7.44257e+03          inf 
2   7  7.09326e+01  4.91107e-01  2.08851e+02 1.93971628e-01  1.28925e+04          inf 
3   6  7.00000e+01  6.04472e-01  2.05516e+02 2.05939593e-01  1.06527e+04          inf 
4   7  7.60929e+01  6.84596e-01  2.07116e+02 1.87662847e-01  1.15909e+04          inf 
5   7  7.63424e+01  7.06106e-01  2.05282e+02 1.85786710e-01  7.16951e+03          inf 
6   7  7.27004e+01  5.40187e-01  2.09242e+02 1.92450544e-01  4.32384e+03          inf 
7   7  7.00000e+01  4.76437e-01  2.06208e+02 1.92625846e-01  1.27782e+04          inf 
8   6  7.00000e+01  6.03841e-01  2.08023e+02 2.05951813e-01  1.04297e+04          inf 
9   7  7.44112e+01  6.19178e-01  2.04600e+02 1.86632759e-01  7.76208e+03          inf 
10   7  8.71439e+01  3.88911e+00  2.08891e+02 1.89288175e-01  6.57451e+03          inf 
11   7  7.22196e+01  5.42776e-01  2.04316e+02 1.88384819e-01  9.61794e+03          inf 
12   6  7.20194e+01  6.69398e-01  2.09420e+02 2.03517200e-01  7.18446e+03          inf 
13   7  7.00000e+01  4.76437e-01  2.06208e+02 1.92625846e-01  1.27782e+04          inf 
14   7  8.18382e+01  1.18999e+00  2.08393e+02 1.86020070e-01  5.79664e+03          inf 
15   6  7.25419e+01  6.90691e-01  2.04545e+02 2.02891411e-01  5.49998e+03          inf 
16   7  7.26131e+01  5.36501e-01  2.09512e+02 1.92770243e-01  8.39617e+03          inf 
17   7  7.00000e+01  4.76437e-01  2.06208e+02 1.92625846e-01  1.27782e+04          inf 
18   7  7.85053e+01  8.30852e-01  2.07766e+02 1.86724756e-01  6.20190e+03          inf 
19   7  7.63424e+01  7.06106e-01  2.05282e+02 1.85786709e-01  7.16951e+03          inf 
20   6  7.19583e+01  6.67143e-01  2.09516e+02 2.03589441e-01  8.74516e+02          inf 
21   7  7.00000e+01  4.76437e-01  2.06208e+02 1.92625846e-01  1.27782e+04          inf 
22   7  7.26131e+01  5.36501e-01  2.09512e+02 1.92770243e-01  8.39617e+03          inf 
23   7  8.17224e+01  1.19434e+00  2.05675e+02 1.83562942e-01  9.59285e+03          inf 
24   7  8.83945e+01  7.56268e+00  2.09672e+02 1.94939574e-01  4.43103e+03          inf 
25   7  7.83882e+01  8.35369e-01  2.05390e+02 1.84611384e-01  1.41918e+04          inf 
26   7  7.26131e+01  5.36501e-01  2.09512e+02 1.92770243e-01  8.39617e+03          inf 
27   7  8.79174e+01  5.85680e+00  2.04457e+02 1.86185033e-01  7.22003e+03          inf 
28   7  8.18382e+01  1.18999e+00  2.08393e+02 1.86020070e-01  5.79664e+03          inf 
29   6  8.40224e+01  2.04486e+00  2.03488e+02 1.95283814e-01  2.64162e+03         -nan 
30   6  7.20194e+01  6.69398e-01  2.09420e+02 2.03517200e-01  7.18446e+03          inf 
31   6  7.35128e+01  7.30812e-01  2.04442e+02 2.01855751e-01  6.62697e+03         -nan 
32   7  7.85053e+01  8.30852e-01  2.07766e+02 1.86724756e-01  6.20190e+03          inf 
33   7  8.86394e+01  9.11954e+00  2.06764e+02 1.91164870e-01  7.48782e+03          inf 
34   7  7.46191e+01  6.06118e-01  2.09889e+02 1.91249070e-01  1.26826e+03          inf 
35   7  8.17224e+01  1.19434e+00  2.05675e+02 1.83562942e-01  9.59285e+03          inf 
36   7  7.26131e+01  5.36501e-01  2.09512e+02 1.92770243e-01  8.39617e+03          inf 
37   7  8.79174e+01  5.85680e+00  2.04457e+02 1.86185033e-01  7.22003e+03          inf 
38   7  8.83945e+01  7.56268e+00  2.09672e+02 1.94939574e-01  4.43103e+03          inf 
39   7  8.57374e+01  2.52706e+00  2.04007e+02 1.82360978e-01  7.33950e+03          inf 
40   7  7.26131e+01  5.36501e-01  2.09512e+02 1.92770243e-01  8.39617e+03          inf 
41   7  8.79174e+01  5.85680e+00  2.04457e+02 1.86185033e-01  7.22003e+03          inf 
42   7  8.18382e+01  1.18999e+00  2.08393e+02 1.86020070e-01  5.79664e+03          inf 
43   7  8.80548e+01  6.28948e+00  2.05559e+02 1.88058715e-01  6.80633e+03          inf 
44   7  7.26131e+01  5.36501e-01  2.09512e+02 1.92770243e-01  8.39617e+03          inf 
45   7  8.17224e+01  1.19434e+00  2.05675e+02 1.83562942e-01  9.59285e+03          inf 
46   7  7.85053e+01  8.30852e-01  2.07766e+02 1.86724756e-01  6.20190e+03          inf 
47   6  8.86216e+01  9.11949e+00  2.04797e+02 2.09981736e-01  3.33073e+03          inf 
48   7  7.46191e+01  6.06118e-01  2.09889e+02 1.91249070e-01  1.26826e+03          inf 
49   7  8.17224e+01  1.19434e+00  2.05675e+02 1.83562942e-01  9.59285e+03          inf 
50   6  7.20194e+01  6.69398e-01  2.09420e+02 2.03517200e-01  7.18446e+03         -nan 
51   7  8.79174e+01  5.85680e+00  2.04457e+02 1.86185033e-01  7.22003e+03          inf 
52   7  8.83945e+01  7.56268e+00  2.09672e+02 1.94939574e-01  4.43103e+03          inf 
53   7  8.57374e+01  2.52706e+00  2.04007e+02 1.82360978e-01  7.33950e+03          inf 
54   7  7.26131e+01  5.36501e-01  2.09512e+02 1.92770243e-01  8.39617e+03          inf 
55   7  8.79174e+01  5.85680e+00  2.04457e+02 1.86185033e-01  7.22003e+03          inf 
56   7  8.18382e+01  1.18999e+00  2.08393e+02 1.86020070e-01  5.79664e+03          inf 
57   7  8.80548e+01  6.28948e+00  2.05559e+02 1.88058716e-01  6.80633e+03          inf 
58   7  7.26131e+01  5.36501e-01  2.09512e+02 1.92770243e-01  8.39617e+03          inf 
59   7  8.17224e+01  1.19434e+00  2.05675e+02 1.83562942e-01  9.59285e+03          inf 
60   7  7.85053e+01  8.30852e-01  2.07766e+02 1.86724756e-01  6.20190e+03          inf 
61   7  8.86394e+01  9.11954e+00  2.06764e+02 1.91164870e-01  7.48782e+03          inf 
62   7  7.46191e+01  6.06118e-01  2.09889e+02 1.91249070e-01  1.26826e+03          inf 
63   7  8.17224e+01  1.19434e+00  2.05675e+02 1.83562942e-01  9.59285e+03          inf 
64   6  7.20194e+01  6.69398e-01  2.09420e+02 2.03517200e-01  7.18446e+03          inf 
65   7  8.79174e+01  5.85680e+00  2.04457e+02 1.86185033e-01  7.22003e+03          inf 
66   7  8.83945e+01  7.56268e+00  2.09672e+02 1.94939574e-01  4.43103e+03          inf 
67   7  8.57374e+01  2.52706e+00  2.04007e+02 1.82360978e-01  7.33950e+03          inf 
68   7  7.26131e+01  5.36501e-01  2.09512e+02 1.92770243e-01  8.39617e+03          inf 
69   7  8.79174e+01  5.85680e+00  2.04457e+02 1.86185033e-01  7.22003e+03          inf 
70   7  8.18382e+01  1.18999e+00  2.08393e+02 1.86020070e-01  5.79664e+03          inf 
71   7  8.80548e+01  6.28948e+00  2.05559e+02 1.88058716e-01  6.80633e+03          inf 
72   7  7.26131e+01  5.36501e-01  2.09512e+02 1.92770243e-01  8.39617e+03          inf 
73   6  7.35128e+01  7.30812e-01  2.04442e+02 2.01855751e-01  6.62697e+03          inf 
74   7  7.85053e+01  8.30852e-01  2.07766e+02 1.86724756e-01  6.20190e+03          inf 
75   7  8.86394e+01  9.11954e+00  2.06764e+02 1.91164870e-01  7.48782e+03          inf 
76   7  7.46191e+01  6.06118e-01  2.09889e+02 1.91249070e-01  1.26826e+03          inf 
77   7  8.17224e+01  1.19434e+00  2.05675e+02 1.83562942e-01  9.59285e+03          inf 
78   7  7.26131e+01  5.36501e-01  2.09512e+02 1.92770243e-01  8.39617e+03          inf 
79   7  8.79174e+01  5.85680e+00  2.04457e+02 1.86185033e-01  7.22003e+03          inf 
80   7  8.83945e+01  7.56268e+00  2.09672e+02 1.94939573e-01  4.43103e+03          inf 
81   7  8.57374e+01  2.52706e+00  2.04007e+02 1.82360978e-01  7.33950e+03          inf 
82   7  7.26131e+01  5.36501e-01  2.09512e+02 1.92770242e-01  8.39617e+03          inf 
83   6  8.58673e+01  3.00023e+00  2.03386e+02 1.95644581e-01  5.36817e+03          inf 
84   7  8.18382e+01  1.18999e+00  2.08393e+02 1.86020070e-01  5.79664e+03          inf 
85   7  8.73222e+01  4.25921e+00  2.07073e+02 1.87793260e-01  9.82131e+03          inf 
86   7  7.26131e+01  5.36501e-01  2.09512e+02 1.92770243e-01  8.39617e+03          inf 
87   6  7.32040e+01  7.16724e-01  2.06869e+02 2.02176436e-01  1.30761e+04          inf 
88   7  7.85053e+01  8.30852e-01  2.07766e+02 1.86724756e-01  6.20190e+03          inf 
89   7  8.84123e+01  7.73547e+00  2.08261e+02 1.93047471e-01  1.05183e+04          inf 
90   6  7.19583e+01  6.67143e-01  2.09516e+02 2.03589441e-01  8.74516e+02         -nan 
91   7  7.76232e+01  7.70350e-01  2.07530e+02 1.87016681e-01  1.58900e+04          inf 
92   7  7.26131e+01  5.36501e-01  2.09512e+02 1.92770242e-01  8.39617e+03          inf 
93   7  8.59408e+01  2.63449e+00  2.05999e+02 1.84581800e-01  1.37760e+04          inf 
94   7  7.67770e+01  7.18156e-01  2.07755e+02 1.87758442e-01  5.13393e+03          inf 
95   7  7.76232e+01  7.70350e-01  2.07530e+02 1.87016680e-01  1.58900e+04          inf 
96   7  7.00000e+01  4.69243e-01  2.08530e+02 1.94765001e-01  6.51261e+03          inf 
97   7  8.59408e+01  2.63449e+00  2.05999e+02 1.84581800e-01  1.37760e+04          inf 
98   7  7.63424e+01  7.06106e-01  2.05282e+02 1.85786710e-01  7.16951e+03          inf 
99   7  8.73222e+01  4.25921e+00  2.07073e+02 1.87793260e-01  9.82131e+03          inf 
100   7  7.00000e+01  4.76437e-01  2.06208e+02 1.92625846e-01  1.27782e+04          inf 
101   7  7.76232e+01  7.70350e-01  2.07530e+02 1.87016680e-01  1.58900e+04          inf 
102   7  7.44112e+01  6.19178e-01  2.04600e+02 1.86632759e-01  7.76208e+03          inf 
103   7  8.84123e+01  7.73547e+00  2.08261e+02 1.93047472e-01  1.05183e+04          inf 
104   7  7.22196e+01  5.42776e-01  2.04316e+02 1.88384819e-01  9.61794e+03          inf 
105   7  7.76232e+01  7.70350e-01  2.07530e+02 1.87016681e-01  1.58900e+04          inf 
106   7  7.00000e+01  4.76437e-01  2.06208e+02 1.92625846e-01  1.27782e+04          inf 
107   7  8.59408e+01  2.63449e+00  2.05999e+02 1.84581800e-01  1.37760e+04          inf 
108   6  7.25419e+01  6.90691e-01  2.04545e+02 2.02891411e-01  5.49998e+03          inf 
109   7  7.76232e+01  7.70350e-01  2.07530e+02 1.87016681e-01  1.58900e+04          inf 
110   6  7.00000e+01  6.04472e-01  2.05516e+02 2.05939593e-01  1.06527e+04          inf 
111   7  8.59408e+01  2.63449e+00  2.05999e+02 1.84581800e-01  1.37760e+04          inf 
112   7  7.63424e+01  7.06106e-01  2.05282e+02 1.85786710e-01  7.16951e+03          inf 
113   7  8.73222e+01  4.25921e+00  2.07073e+02 1.87793260e-01  9.82131e+03          inf 
114   7  7.00000e+01  4.76437e-01  2.06208e+02 1.92625846e-01  1.27782e+04          inf 
115   7  7.76232e+01  7.70350e-01  2.07530e+02 1.87016681e-01  1.58900e+04          inf 
116   7  7.44112e+01  6.19178e-01  2.04600e+02 1.86632759e-01  7.76208e+03          inf 
117   7  8.84123e+01  7.73547e+00  2.08261e+02 1.93047470e-01  1.05183e+04          inf 
118   7  7.22196e+01  5.42776e-01  2.04316e+02 1.88384819e-01  9.61794e+03          inf 
119   7  7.76232e+01  7.70350e-01  2.07530e+02 1.87016680e-01  1.58900e+04          inf 
120   7  7.00000e+01  4.76437e-01  2.06208e+02 1.92625846e-01  1.27782e+04          inf 
121   7  8.59408e+01  2.63449e+00  2.05999e+02 1.84581800e-01  1.37760e+04          inf 
122   7  7.80532e+01  8.10542e-01  2.05451e+02 1.84855631e-01  7.44257e+03          inf 
123   7  7.76232e+01  7.70350e-01  2.07530e+02 1.87016681e-01  1.58900e+04          inf 
124   7  7.00000e+01  4.76437e-01  2.06208e+02 1.92625846e-01  1.27782e+04          inf 
125   7  8.59408e+01  2.63449e+00  2.05999e+02 1.84581800e-01  1.37760e+04          inf 
126   7  7.63424e+01  7.06106e-01  2.05282e+02 1.85786710e-01  7.16951e+03          inf 
127   7  8.73222e+01  4.25921e+00  2.07073e+02 1.87793260e-01  9.82131e+03          inf 
128   7  7.00000e+01  4.76437e-01  2.06208e+02 1.92625846e-01  1.27782e+04          inf 
129   7  7.76232e+01  7.70350e-01  2.07530e+02 1.87016681e-01  1.58900e+04          inf 
130   7  7.44112e+01  6.19178e-01  2.04600e+02 1.86632759e-01  7.76208e+03          inf 
131   6  8.81085e+01  6.63454e+00  2.07057e+02 2.02919111e-01  7.76409e+03          inf 
132   7  7.22196e+01  5.42776e-01  2.04316e+02 1.88384819e-01  9.61794e+03          inf 
133   7  7.76232e+01  7.70350e-01  2.07530e+02 1.87016681e-01  1.58900e+04          inf 
134   7  7.00000e+01  4.76437e-01  2.06208e+02 1.92625846e-01  1.27782e+04          inf 
135   7  7.60929e+01  6.84596e-01  2.07116e+02 1.87662847e-01  1.15909e+04          inf 
136   6  7.25419e+01  6.90691e-01  2.04545e+02 2.02891411e-01  5.49998e+03          inf 
137   7  7.09326e+01  4.91107e-01  2.08851e+02 1.93971628e-01  1.28925e+04          inf 
138   7  7.00000e+01  4.76437e-01  2.06208e+02 1.92625846e-01  1.27782e+04          inf 
139   6  7.41797e+01  7.60366e-01  2.06841e+02 2.01185299e-01  9.83954e+03         -nan 
140   6  8.07004e+01  1.29686e+00  2.05851e+02 1.96359471e-01  5.76783e+03          inf 
141   6  1.12653e+02  5.24643e-01  2.07699e+02 2.09684270e-01  2.32596e+03          inf 
142   7  7.00000e+01  4.76437e-01  2.06208e+02 1.92625846e-01  1.27782e+04          inf 
143   7  7.09326e+01  4.91107e-01  2.08851e+02 1.93971628e-01  1.28925e+04          inf 
144   7  7.44112e+01  6.19178e-01  2.04600e+02 1.86632759e-01  7.76208e+03          inf 
145   7  8.71439e+01  3.88911e+00  2.08891e+02 1.89288175e-01  6.57451e+03          inf 
146   7  7.22196e+01  5.42776e-01  2.04316e+02 1.88384818e-01  9.61794e+03          inf 
147   7  7.76232e+01  7.70350e-01  2.07530e+02 1.87016681e-01  1.58900e+04          inf 
148   7  7.00000e+01  4.76437e-01  2.06208e+02 1.92625846e-01  1.27782e+04          inf 
149   7  7.60929e+01  6.84596e-01  2.07116e+02 1.87662847e-01  1.15909e+04          inf 
150   7  7.80532e+01  8.10542e-01  2.05451e+02 1.84855631e-01  7.44257e+03          inf 
151   7  7.76232e+01  7.70350e-01  2.07530e+02 1.87016681e-01  1.58900e+04          inf 
152   7  7.00000e+01  4.76437e-01  2.06208e+02 1.92625846e-01  1.27782e+04          inf 
153   7  7.60929e+01  6.84596e-01  2.07116e+02 1.87662847e-01  1.15909e+04          inf 
154   6  8.07004e+01  1.29686e+00  2.05851e+02 1.96359471e-01  5.76783e+03          inf 
155   7  7.27004e+01  5.40187e-01  2.09242e+02 1.92450544e-01  4.32384e+03          inf 
156   7  7.00000e+01  4.76437e-01  2.06208e+02 1.92625846e-01  1.27782e+04          inf 
157   6  7.00000e+01  6.03841e-01  2.08023e+02 2.05951813e-01  1.04297e+04          inf 
158   7  7.44112e+01  6.19178e-01  2.04600e+02 1.86632759e-01  7.76208e+03          inf 
159   7  8.83945e+01  7.56268e+00  2.09672e+02 1.94939574e-01  4.43103e+03          inf 
160   6  7.00000e+01  6.04974e-01  2.02989e+02 2.05973802e-01  6.86583e+03          inf 
161   7  7.09326e+01  4.91107e-01  2.08851e+02 1.93971628e-01  1.28925e+04          inf 
162   7  7.00000e+01  4.76437e-01  2.06208e+02 1.92625846e-01  1.27782e+04          inf 
163   7  8.18382e+01  1.18999e+00  2.08393e+02 1.86020070e-01  5.79664e+03          inf 
164   7  7.80532e+01  8.10542e-01  2.05451e+02 1.84855631e-01  7.44257e+03          inf 
165   7  7.26131e+01  5.36501e-01  2.09512e+02 1.92770242e-01  8.39617e+03          inf 
166   7  7.00000e+01  4.76437e-01  2.06208e+02 1.92625846e-01  1.27782e+04          inf 
167   7  7.63424e+01  7.06106e-01  2.05282e+02 1.85786709e-01  7.16951e+03          inf 
168   7  7.46191e+01  6.06118e-01  2.09889e+02 1.91249070e-01  1.26826e+03          inf 
169   7  7.00000e+01  4.76437e-01  2.06208e+02 1.92625846e-01  1.27782e+04          inf 
170   7  7.26131e+01  5.36501e-01  2.09512e+02 1.92770243e-01  8.39617e+03          inf 
171   7  7.44112e+01  6.19178e-01  2.04600e+02 1.86632759e-01  7.76208e+03          inf 
172   7  8.83945e+01  7.56268e+00  2.09672e+02 1.94939574e-01  4.43103e+03          inf 
